22 51 100
8 324600
125 300098
55 594326
129 282375
128 132015
70 106650
139 256983
115 307547
7 234734
105 31393
18 620041
121 184120
5 54535
180 19561
4 133932
55 217628
72 80931
61 296591
135 795151
60 481929
175 224823
20 135822
13 613204
164 127840
41 484364
159 488
161 218858
26 258955
66 396401
23 264159
62 249637
55 14371
57 211735
169 832122
72 207673
31 982
68 307257
135 244514
128 3967
69 387
55 347232
145 27531
61 256087
56 134119
142 153707
108 441207
2 137801
103 337190
11 191105
73 35274
160 508876
28 403007
72 603389
103 73753
69 358934
10 46456
52 83837
137 190179
103 122261
136 2664
82 505939
175 309317
1 146073
120 260779
12 445331
1 80012
68 19260
120 224491
73 466502
7 136202
69 235731
161 116064
16 12100
53 537030
110 522608
23 169170
111 113418
124 84084
5 824247
55 788266
187 105729
118 11476
33 253047
20 240999
64 134018
167 732290
20 41314
7 33754
136 438351
108 591208
20 12536
110 192924
105 244559
105 1281
187 1195
22 91783
4 943734
5 153355
20 162804
123 208802