100
-404719017 -289235169
-998567257 4583288
-752809678 780821774
-430774925 723549963
100449720 -68796375
-742206906 973830374
81144941 821550615
597883839 120041758
-736916377 56581205
-495222243 -815591476
-697770748 -864506228
-966699047 -916263947
-957408227 954767192
-871132340 606694413
770922634 -901674145
-407354813 -781280030
-190909314 -405922070
223303258 56281009
-772583944 792528334
-367652676 327865777
-423751689 -109859582
154212503 657393252
-435792615 -395387305
-370048638 -172708991
661193900 134729119
11699533 963423152
270222892 45000487
-952840796 165331018
-147715969 -971456783
-375458217 -524276982
-873130927 217186970
-305557012 -64040241
811264900 917746246
992240768 -961319044
562790932 -522895556
219063086 -860960758
367244862 -774208059
648948848 931452248
-169595364 -868583438
-388740391 -655885112
266145682 622959142
-839945608 -611115074
-479524019 -940270051
554215944 372760013
-911726833 -968725921
848483031 -784857760
248461050 -604557629
151101999 -87757698
-834295031 -4140880
-196560389 728495902
472963564 -977497304
720051497 -307275221
-899189009 221516697
-523306621 -68784373
352933260 87952988
275330516 -528404706
-436571518 435384908
-139519780 83904464
495114858 -732787484
-690819171 583388025
-701513405 -989819788
798530265 546947645
-594377417 -197851384
-688293700 -428672448
798007736 115145911
-847660194 123487653
-9835039 872391304
816212432 90975952
-53575647 -854577837
-977808422 -848126035
233375151 150038447
-376530741 796803633
-562060292 483949479
-266775551 933054566
751161995 42405278
368958943 -950351410
52585490 20005560
449112588 458208073
822154176 760818888
-970464375 472678265
-271518848 -965608216
-551317730 718646113
906783088 -882588946
-337861583 -294276206
-737166783 -463153652
-142402241 496208368
686884796 481067019
145528353 -875175497
-182467150 878752803
910395422 -578788802
-226325567 131870717
-676623859 826259924
-995607371 772488729
136984349 826546805
385823970 19036327
151741422 -885694879
53428112 600423692
685467587 -187272448
717834746 -799877644
518451346 980667963
