95
43 0.710
11 0.872
24 0.887
29 0.711
37 0.795
8000 0.684
38 0.515
3984 0.930
4 1.0
47 0.580
9 0.593
82 0.993
57 0.884
88 0.863
37 0.853
4 0.949
100 0.685
2 0.684
98 0.790
27 0.517
28 0.786
84 0.960
42 0.533
23 0.974
82 0.985
33 0.720
91 0.844
27 0.504
53 0.728
65 0.686
10 0.572
3 1.0
31 0.837
4242 0.705
5 0.615
3127 0.873
2 1.0
77 0.676
66 0.532
4664 0.797
20 0.75
67 0.886
98 0.779
67 0.754
37 0.684
62 0.646
10 0.600
68 0.586
2000 0.5
91 0.736
41 0.968
17 0.511
5 0.678
84 0.983
40 0.553
2 0.500
46 0.816
16 0.599
82 0.520
62 0.790
82 0.915
56 0.818
26 0.638
85 0.725
13 0.720
8000 1.000
91 0.907
9 0.938
20 0.591
24 0.975
2788 0.719
81 0.743
43 0.824
41 0.797
17 0.882
44 0.828
92 0.806
26 0.509
94 0.726
87 0.670
59 0.759
8000 0.500
94 0.561
64 0.828
68 0.579
2 0.6
2 1.000
100 0.586
200 0.999
9 0.87
3 0.5
38 0.964
64 0.833
49 0.904
7 0.505
