1000
1000000 0
999999 0
999998 0
999997 0
999996 0
999995 0
999994 0
999993 0
999992 0
999991 0
999990 0
999989 0
999988 0
999987 0
999986 0
999985 0
999984 0
999983 0
999982 0
999981 0
999980 0
999979 0
999978 0
999977 0
999976 0
999975 0
999974 0
999973 0
999972 0
999971 0
999970 0
999969 0
999968 0
999967 0
999966 0
999965 0
999964 0
999963 0
999962 0
999961 0
999960 0
999959 0
999958 0
999957 0
999956 0
999955 0
999954 0
999953 0
999952 0
999951 0
999950 0
999949 0
999948 0
999947 0
999946 0
999945 0
999944 0
999943 0
999942 0
999941 0
999940 0
999939 0
999938 0
999937 0
999936 0
999935 0
999934 0
999933 0
999932 0
999931 0
999930 0
999929 0
999928 0
999927 0
999926 0
999925 0
999924 0
999923 0
999922 0
999921 0
999920 0
999919 0
999918 0
999917 0
999916 0
999915 0
999914 0
999913 0
999912 0
999911 0
999910 0
999909 0
999908 0
999907 0
999906 0
999905 0
999904 0
999903 0
999902 0
999901 0
999900 0
999899 0
999898 0
999897 0
999896 0
999895 0
999894 0
999893 0
999892 0
999891 0
999890 0
999889 0
999888 0
999887 0
999886 0
999885 0
999884 0
999883 0
999882 0
999881 0
999880 0
999879 0
999878 0
999877 0
999876 0
999875 0
999874 0
999873 0
999872 0
999871 0
999870 0
999869 0
999868 0
999867 0
999866 0
999865 0
999864 0
999863 0
999862 0
999861 0
999860 0
999859 0
999858 0
999857 0
999856 0
999855 0
999854 0
999853 0
999852 0
999851 0
999850 0
999849 0
999848 0
999847 0
999846 0
999845 0
999844 0
999843 0
999842 0
999841 0
999840 0
999839 0
999838 0
999837 0
999836 0
999835 0
999834 0
999833 0
999832 0
999831 0
999830 0
999829 0
999828 0
999827 0
999826 0
999825 0
999824 0
999823 0
999822 0
999821 0
999820 0
999819 0
999818 0
999817 0
999816 0
999815 0
999814 0
999813 0
999812 0
999811 0
999810 0
999809 0
999808 0
999807 0
999806 0
999805 0
999804 0
999803 0
999802 0
999801 0
999800 0
999799 0
999798 0
999797 0
999796 0
999795 0
999794 0
999793 0
999792 0
999791 0
999790 0
999789 0
999788 0
999787 0
999786 0
999785 0
999784 0
999783 0
999782 0
999781 0
999780 0
999779 0
999778 0
999777 0
999776 0
999775 0
999774 0
999773 0
999772 0
999771 0
999770 0
999769 0
999768 0
999767 0
999766 0
999765 0
999764 0
999763 0
999762 0
999761 0
999760 0
999759 0
999758 0
999757 0
999756 0
999755 0
999754 0
999753 0
999752 0
999751 0
999750 0
999749 0
999748 0
999747 0
999746 0
999745 0
999744 0
999743 0
999742 0
999741 0
999740 0
999739 0
999738 0
999737 0
999736 0
999735 0
999734 0
999733 0
999732 0
999731 0
999730 0
999729 0
999728 0
999727 0
999726 0
999725 0
999724 0
999723 0
999722 0
999721 0
999720 0
999719 0
999718 0
999717 0
999716 0
999715 0
999714 0
999713 0
999712 0
999711 0
999710 0
999709 0
999708 0
999707 0
999706 0
999705 0
999704 0
999703 0
999702 0
999701 0
999700 0
999699 0
999698 0
999697 0
999696 0
999695 0
999694 0
999693 0
999692 0
999691 0
999690 0
999689 0
999688 0
999687 0
999686 0
999685 0
999684 0
999683 0
999682 0
999681 0
999680 0
999679 0
999678 0
999677 0
999676 0
999675 0
999674 0
999673 0
999672 0
999671 0
999670 0
999669 0
999668 0
999667 0
999666 0
999665 0
999664 0
999663 0
999662 0
999661 0
999660 0
999659 0
999658 0
999657 0
999656 0
999655 0
999654 0
999653 0
999652 0
999651 0
999650 0
999649 0
999648 0
999647 0
999646 0
999645 0
999644 0
999643 0
999642 0
999641 0
999640 0
999639 0
999638 0
999637 0
999636 0
999635 0
999634 0
999633 0
999632 0
999631 0
999630 0
999629 0
999628 0
999627 0
999626 0
999625 0
999624 0
999623 0
999622 0
999621 0
999620 0
999619 0
999618 0
999617 0
999616 0
999615 0
999614 0
999613 0
999612 0
999611 0
999610 0
999609 0
999608 0
999607 0
999606 0
999605 0
999604 0
999603 0
999602 0
999601 0
999600 0
999599 0
999598 0
999597 0
999596 0
999595 0
999594 0
999593 0
999592 0
999591 0
999590 0
999589 0
999588 0
999587 0
999586 0
999585 0
999584 0
999583 0
999582 0
999581 0
999580 0
999579 0
999578 0
999577 0
999576 0
999575 0
999574 0
999573 0
999572 0
999571 0
999570 0
999569 0
999568 0
999567 0
999566 0
999565 0
999564 0
999563 0
999562 0
999561 0
999560 0
999559 0
999558 0
999557 0
999556 0
999555 0
999554 0
999553 0
999552 0
999551 0
999550 0
999549 0
999548 0
999547 0
999546 0
999545 0
999544 0
999543 0
999542 0
999541 0
999540 0
999539 0
999538 0
999537 0
999536 0
999535 0
999534 0
999533 0
999532 0
999531 0
999530 0
999529 0
999528 0
999527 0
999526 0
999525 0
999524 0
999523 0
999522 0
999521 0
999520 0
999519 0
999518 0
999517 0
999516 0
999515 0
999514 0
999513 0
999512 0
999511 0
999510 0
999509 0
999508 0
999507 0
999506 0
999505 0
999504 0
999503 0
999502 0
999501 0
999500 0
999499 0
999498 0
999497 0
999496 0
999495 0
999494 0
999493 0
999492 0
999491 0
999490 0
999489 0
999488 0
999487 0
999486 0
999485 0
999484 0
999483 0
999482 0
999481 0
999480 0
999479 0
999478 0
999477 0
999476 0
999475 0
999474 0
999473 0
999472 0
999471 0
999470 0
999469 0
999468 0
999467 0
999466 0
999465 0
999464 0
999463 0
999462 0
999461 0
999460 0
999459 0
999458 0
999457 0
999456 0
999455 0
999454 0
999453 0
999452 0
999451 0
999450 0
999449 0
999448 0
999447 0
999446 0
999445 0
999444 0
999443 0
999442 0
999441 0
999440 0
999439 0
999438 0
999437 0
999436 0
999435 0
999434 0
999433 0
999432 0
999431 0
999430 0
999429 0
999428 0
999427 0
999426 0
999425 0
999424 0
999423 0
999422 0
999421 0
999420 0
999419 0
999418 0
999417 0
999416 0
999415 0
999414 0
999413 0
999412 0
999411 0
999410 0
999409 0
999408 0
999407 0
999406 0
999405 0
999404 0
999403 0
999402 0
999401 0
999400 0
999399 0
999398 0
999397 0
999396 0
999395 0
999394 0
999393 0
999392 0
999391 0
999390 0
999389 0
999388 0
999387 0
999386 0
999385 0
999384 0
999383 0
999382 0
999381 0
999380 0
999379 0
999378 0
999377 0
999376 0
999375 0
999374 0
999373 0
999372 0
999371 0
999370 0
999369 0
999368 0
999367 0
999366 0
999365 0
999364 0
999363 0
999362 0
999361 0
999360 0
999359 0
999358 0
999357 0
999356 0
999355 0
999354 0
999353 0
999352 0
999351 0
999350 0
999349 0
999348 0
999347 0
999346 0
999345 0
999344 0
999343 0
999342 0
999341 0
999340 0
999339 0
999338 0
999337 0
999336 0
999335 0
999334 0
999333 0
999332 0
999331 0
999330 0
999329 0
999328 0
999327 0
999326 0
999325 0
999324 0
999323 0
999322 0
999321 0
999320 0
999319 0
999318 0
999317 0
999316 0
999315 0
999314 0
999313 0
999312 0
999311 0
999310 0
999309 0
999308 0
999307 0
999306 0
999305 0
999304 0
999303 0
999302 0
999301 0
999300 0
999299 0
999298 0
999297 0
999296 0
999295 0
999294 0
999293 0
999292 0
999291 0
999290 0
999289 0
999288 0
999287 0
999286 0
999285 0
999284 0
999283 0
999282 0
999281 0
999280 0
999279 0
999278 0
999277 0
999276 0
999275 0
999274 0
999273 0
999272 0
999271 0
999270 0
999269 0
999268 0
999267 0
999266 0
999265 0
999264 0
999263 0
999262 0
999261 0
999260 0
999259 0
999258 0
999257 0
999256 0
999255 0
999254 0
999253 0
999252 0
999251 0
999250 0
999249 0
999248 0
999247 0
999246 0
999245 0
999244 0
999243 0
999242 0
999241 0
999240 0
999239 0
999238 0
999237 0
999236 0
999235 0
999234 0
999233 0
999232 0
999231 0
999230 0
999229 0
999228 0
999227 0
999226 0
999225 0
999224 0
999223 0
999222 0
999221 0
999220 0
999219 0
999218 0
999217 0
999216 0
999215 0
999214 0
999213 0
999212 0
999211 0
999210 0
999209 0
999208 0
999207 0
999206 0
999205 0
999204 0
999203 0
999202 0
999201 0
999200 0
999199 0
999198 0
999197 0
999196 0
999195 0
999194 0
999193 0
999192 0
999191 0
999190 0
999189 0
999188 0
999187 0
999186 0
999185 0
999184 0
999183 0
999182 0
999181 0
999180 0
999179 0
999178 0
999177 0
999176 0
999175 0
999174 0
999173 0
999172 0
999171 0
999170 0
999169 0
999168 0
999167 0
999166 0
999165 0
999164 0
999163 0
999162 0
999161 0
999160 0
999159 0
999158 0
999157 0
999156 0
999155 0
999154 0
999153 0
999152 0
999151 0
999150 0
999149 0
999148 0
999147 0
999146 0
999145 0
999144 0
999143 0
999142 0
999141 0
999140 0
999139 0
999138 0
999137 0
999136 0
999135 0
999134 0
999133 0
999132 0
999131 0
999130 0
999129 0
999128 0
999127 0
999126 0
999125 0
999124 0
999123 0
999122 0
999121 0
999120 0
999119 0
999118 0
999117 0
999116 0
999115 0
999114 0
999113 0
999112 0
999111 0
999110 0
999109 0
999108 0
999107 0
999106 0
999105 0
999104 0
999103 0
999102 0
999101 0
999100 0
999099 0
999098 0
999097 0
999096 0
999095 0
999094 0
999093 0
999092 0
999091 0
999090 0
999089 0
999088 0
999087 0
999086 0
999085 0
999084 0
999083 0
999082 0
999081 0
999080 0
999079 0
999078 0
999077 0
999076 0
999075 0
999074 0
999073 0
999072 0
999071 0
999070 0
999069 0
999068 0
999067 0
999066 0
999065 0
999064 0
999063 0
999062 0
999061 0
999060 0
999059 0
999058 0
999057 0
999056 0
999055 0
999054 0
999053 0
999052 0
999051 0
999050 0
999049 0
999048 0
999047 0
999046 0
999045 0
999044 0
999043 0
999042 0
999041 0
999040 0
999039 0
999038 0
999037 0
999036 0
999035 0
999034 0
999033 0
999032 0
999031 0
999030 0
999029 0
999028 0
999027 0
999026 0
999025 0
999024 0
999023 0
999022 0
999021 0
999020 0
999019 0
999018 0
999017 0
999016 0
999015 0
999014 0
999013 0
999012 0
999011 0
999010 0
999009 0
999008 0
999007 0
999006 0
999005 0
999004 0
999003 0
999002 0
999001 0
1500000 1500000
1500001 1500000
1500002 1500000
1500003 1500000
1500004 1500000
1500005 1500000
1500006 1500000
1500007 1500000
1500008 1500000
1500009 1500000
1500010 1500000
1500011 1500000
1500012 1500000
1500013 1500000
1500014 1500000
1500015 1500000
1500016 1500000
1500017 1500000
1500018 1500000
1500019 1500000
1500020 1500000
1500021 1500000
1500022 1500000
1500023 1500000
1500024 1500000
1500025 1500000
1500026 1500000
1500027 1500000
1500028 1500000
1500029 1500000
1500030 1500000
1500031 1500000
1500032 1500000
1500033 1500000
1500034 1500000
1500035 1500000
1500036 1500000
1500037 1500000
1500038 1500000
1500039 1500000
1500040 1500000
1500041 1500000
1500042 1500000
1500043 1500000
1500044 1500000
1500045 1500000
1500046 1500000
1500047 1500000
1500048 1500000
1500049 1500000
1500050 1500000
1500051 1500000
1500052 1500000
1500053 1500000
1500054 1500000
1500055 1500000
1500056 1500000
1500057 1500000
1500058 1500000
1500059 1500000
1500060 1500000
1500061 1500000
1500062 1500000
1500063 1500000
1500064 1500000
1500065 1500000
1500066 1500000
1500067 1500000
1500068 1500000
1500069 1500000
1500070 1500000
1500071 1500000
1500072 1500000
1500073 1500000
1500074 1500000
1500075 1500000
1500076 1500000
1500077 1500000
1500078 1500000
1500079 1500000
1500080 1500000
1500081 1500000
1500082 1500000
1500083 1500000
1500084 1500000
1500085 1500000
1500086 1500000
1500087 1500000
1500088 1500000
1500089 1500000
1500090 1500000
1500091 1500000
1500092 1500000
1500093 1500000
1500094 1500000
1500095 1500000
1500096 1500000
1500097 1500000
1500098 1500000
1500099 1500000
1500100 1500000
1500101 1500000
1500102 1500000
1500103 1500000
1500104 1500000
1500105 1500000
1500106 1500000
1500107 1500000
1500108 1500000
1500109 1500000
1500110 1500000
1500111 1500000
1500112 1500000
1500113 1500000
1500114 1500000
1500115 1500000
1500116 1500000
1500117 1500000
1500118 1500000
1500119 1500000
1500120 1500000
1500121 1500000
1500122 1500000
1500123 1500000
1500124 1500000
1500125 1500000
1500126 1500000
1500127 1500000
1500128 1500000
1500129 1500000
1500130 1500000
1500131 1500000
1500132 1500000
1500133 1500000
1500134 1500000
1500135 1500000
1500136 1500000
1500137 1500000
1500138 1500000
1500139 1500000
1500140 1500000
1500141 1500000
1500142 1500000
1500143 1500000
1500144 1500000
1500145 1500000
1500146 1500000
1500147 1500000
1500148 1500000
1500149 1500000
1500150 1500000
1500151 1500000
1500152 1500000
1500153 1500000
1500154 1500000
1500155 1500000
1500156 1500000
1500157 1500000
1500158 1500000
1500159 1500000
1500160 1500000
1500161 1500000
1500162 1500000
1500163 1500000
1500164 1500000
1500165 1500000
1500166 1500000
1500167 1500000
1500168 1500000
1500169 1500000
1500170 1500000
1500171 1500000
1500172 1500000
1500173 1500000
1500174 1500000
1500175 1500000
1500176 1500000
1500177 1500000
1500178 1500000
1500179 1500000
1500180 1500000
1500181 1500000
1500182 1500000
1500183 1500000
1500184 1500000
1500185 1500000
1500186 1500000
1500187 1500000
1500188 1500000
1500189 1500000
1500190 1500000
1500191 1500000
1500192 1500000
1500193 1500000
1500194 1500000
1500195 1500000
1500196 1500000
1500197 1500000
1500198 1500000
1500199 1500000
1500200 1500000
1500201 1500000
1500202 1500000
1500203 1500000
1500204 1500000
1500205 1500000
1500206 1500000
1500207 1500000
1500208 1500000
1500209 1500000
1500210 1500000
1500211 1500000
1500212 1500000
1500213 1500000
1500214 1500000
1500215 1500000
1500216 1500000
1500217 1500000
1500218 1500000
1500219 1500000
1500220 1500000
1500221 1500000
1500222 1500000
1500223 1500000
1500224 1500000
1500225 1500000
1500226 1500000
1500227 1500000
1500228 1500000
1500229 1500000
1500230 1500000
1500231 1500000
1500232 1500000
1500233 1500000
1500234 1500000
1500235 1500000
1500236 1500000
1500237 1500000
1500238 1500000
1500239 1500000
1500240 1500000
1500241 1500000
1500242 1500000
1500243 1500000
1500244 1500000
1500245 1500000
1500246 1500000
1500247 1500000
1500248 1500000
1500249 1500000
1500250 1500000
1500251 1500000
1500252 1500000
1500253 1500000
1500254 1500000
1500255 1500000
1500256 1500000
1500257 1500000
1500258 1500000
1500259 1500000
1500260 1500000
1500261 1500000
1500262 1500000
1500263 1500000
1500264 1500000
1500265 1500000
1500266 1500000
1500267 1500000
1500268 1500000
1500269 1500000
1500270 1500000
1500271 1500000
1500272 1500000
1500273 1500000
1500274 1500000
1500275 1500000
1500276 1500000
1500277 1500000
1500278 1500000
1500279 1500000
1500280 1500000
1500281 1500000
1500282 1500000
1500283 1500000
1500284 1500000
1500285 1500000
1500286 1500000
1500287 1500000
1500288 1500000
1500289 1500000
1500290 1500000
1500291 1500000
1500292 1500000
1500293 1500000
1500294 1500000
1500295 1500000
1500296 1500000
1500297 1500000
1500298 1500000
1500299 1500000
1500300 1500000
1500301 1500000
1500302 1500000
1500303 1500000
1500304 1500000
1500305 1500000
1500306 1500000
1500307 1500000
1500308 1500000
1500309 1500000
1500310 1500000
1500311 1500000
1500312 1500000
1500313 1500000
1500314 1500000
1500315 1500000
1500316 1500000
1500317 1500000
1500318 1500000
1500319 1500000
1500320 1500000
1500321 1500000
1500322 1500000
1500323 1500000
1500324 1500000
1500325 1500000
1500326 1500000
1500327 1500000
1500328 1500000
1500329 1500000
1500330 1500000
1500331 1500000
1500332 1500000
1500333 1500000
1500334 1500000
1500335 1500000
1500336 1500000
1500337 1500000
1500338 1500000
1500339 1500000
1500340 1500000
1500341 1500000
1500342 1500000
1500343 1500000
1500344 1500000
1500345 1500000
1500346 1500000
1500347 1500000
1500348 1500000
1500349 1500000
1500350 1500000
1500351 1500000
1500352 1500000
1500353 1500000
1500354 1500000
1500355 1500000
1500356 1500000
1500357 1500000
1500358 1500000
1500359 1500000
1500360 1500000
1500361 1500000
1500362 1500000
1500363 1500000
1500364 1500000
1500365 1500000
1500366 1500000
1500367 1500000
1500368 1500000
1500369 1500000
1500370 1500000
1500371 1500000
1500372 1500000
1500373 1500000
1500374 1500000
1500375 1500000
1500376 1500000
1500377 1500000
1500378 1500000
1500379 1500000
1500380 1500000
1500381 1500000
1500382 1500000
1500383 1500000
1500384 1500000
1500385 1500000
1500386 1500000
1500387 1500000
1500388 1500000
1500389 1500000
1500390 1500000
1500391 1500000
1500392 1500000
1500393 1500000
1500394 1500000
1500395 1500000
1500396 1500000
1500397 1500000
1500398 1500000
1500399 1500000
1500400 1500000
1500401 1500000
1500402 1500000
1500403 1500000
1500404 1500000
1500405 1500000
1500406 1500000
1500407 1500000
1500408 1500000
1500409 1500000
1500410 1500000
1500411 1500000
1500412 1500000
1500413 1500000
1500414 1500000
1500415 1500000
1500416 1500000
1500417 1500000
1500418 1500000
1500419 1500000
1500420 1500000
1500421 1500000
1500422 1500000
1500423 1500000
1500424 1500000
1500425 1500000
1500426 1500000
1500427 1500000
1500428 1500000
1500429 1500000
1500430 1500000
1500431 1500000
1500432 1500000
1500433 1500000
1500434 1500000
1500435 1500000
1500436 1500000
1500437 1500000
1500438 1500000
1500439 1500000
1500440 1500000
1500441 1500000
1500442 1500000
1500443 1500000
1500444 1500000
1500445 1500000
1500446 1500000
1500447 1500000
1500448 1500000
1500449 1500000
1500450 1500000
1500451 1500000
1500452 1500000
1500453 1500000
1500454 1500000
1500455 1500000
1500456 1500000
1500457 1500000
1500458 1500000
1500459 1500000
1500460 1500000
1500461 1500000
1500462 1500000
1500463 1500000
1500464 1500000
1500465 1500000
1500466 1500000
1500467 1500000
1500468 1500000
1500469 1500000
1500470 1500000
1500471 1500000
1500472 1500000
1500473 1500000
1500474 1500000
1500475 1500000
1500476 1500000
1500477 1500000
1500478 1500000
1500479 1500000
1500480 1500000
1500481 1500000
1500482 1500000
1500483 1500000
1500484 1500000
1500485 1500000
1500486 1500000
1500487 1500000
1500488 1500000
1500489 1500000
1500490 1500000
1500491 1500000
1500492 1500000
1500493 1500000
1500494 1500000
1500495 1500000
1500496 1500000
1500497 1500000
1500498 1500000
1500499 1500000
1500500 1500000
1500501 1500000
1500502 1500000
1500503 1500000
1500504 1500000
1500505 1500000
1500506 1500000
1500507 1500000
1500508 1500000
1500509 1500000
1500510 1500000
1500511 1500000
1500512 1500000
1500513 1500000
1500514 1500000
1500515 1500000
1500516 1500000
1500517 1500000
1500518 1500000
1500519 1500000
1500520 1500000
1500521 1500000
1500522 1500000
1500523 1500000
1500524 1500000
1500525 1500000
1500526 1500000
1500527 1500000
1500528 1500000
1500529 1500000
1500530 1500000
1500531 1500000
1500532 1500000
1500533 1500000
1500534 1500000
1500535 1500000
1500536 1500000
1500537 1500000
1500538 1500000
1500539 1500000
1500540 1500000
1500541 1500000
1500542 1500000
1500543 1500000
1500544 1500000
1500545 1500000
1500546 1500000
1500547 1500000
1500548 1500000
1500549 1500000
1500550 1500000
1500551 1500000
1500552 1500000
1500553 1500000
1500554 1500000
1500555 1500000
1500556 1500000
1500557 1500000
1500558 1500000
1500559 1500000
1500560 1500000
1500561 1500000
1500562 1500000
1500563 1500000
1500564 1500000
1500565 1500000
1500566 1500000
1500567 1500000
1500568 1500000
1500569 1500000
1500570 1500000
1500571 1500000
1500572 1500000
1500573 1500000
1500574 1500000
1500575 1500000
1500576 1500000
1500577 1500000
1500578 1500000
1500579 1500000
1500580 1500000
1500581 1500000
1500582 1500000
1500583 1500000
1500584 1500000
1500585 1500000
1500586 1500000
1500587 1500000
1500588 1500000
1500589 1500000
1500590 1500000
1500591 1500000
1500592 1500000
1500593 1500000
1500594 1500000
1500595 1500000
1500596 1500000
1500597 1500000
1500598 1500000
1500599 1500000
1500600 1500000
1500601 1500000
1500602 1500000
1500603 1500000
1500604 1500000
1500605 1500000
1500606 1500000
1500607 1500000
1500608 1500000
1500609 1500000
1500610 1500000
1500611 1500000
1500612 1500000
1500613 1500000
1500614 1500000
1500615 1500000
1500616 1500000
1500617 1500000
1500618 1500000
1500619 1500000
1500620 1500000
1500621 1500000
1500622 1500000
1500623 1500000
1500624 1500000
1500625 1500000
1500626 1500000
1500627 1500000
1500628 1500000
1500629 1500000
1500630 1500000
1500631 1500000
1500632 1500000
1500633 1500000
1500634 1500000
1500635 1500000
1500636 1500000
1500637 1500000
1500638 1500000
1500639 1500000
1500640 1500000
1500641 1500000
1500642 1500000
1500643 1500000
1500644 1500000
1500645 1500000
1500646 1500000
1500647 1500000
1500648 1500000
1500649 1500000
1500650 1500000
1500651 1500000
1500652 1500000
1500653 1500000
1500654 1500000
1500655 1500000
1500656 1500000
1500657 1500000
1500658 1500000
1500659 1500000
1500660 1500000
1500661 1500000
1500662 1500000
1500663 1500000
1500664 1500000
1500665 1500000
1500666 1500000
1500667 1500000
1500668 1500000
1500669 1500000
1500670 1500000
1500671 1500000
1500672 1500000
1500673 1500000
1500674 1500000
1500675 1500000
1500676 1500000
1500677 1500000
1500678 1500000
1500679 1500000
1500680 1500000
1500681 1500000
1500682 1500000
1500683 1500000
1500684 1500000
1500685 1500000
1500686 1500000
1500687 1500000
1500688 1500000
1500689 1500000
1500690 1500000
1500691 1500000
1500692 1500000
1500693 1500000
1500694 1500000
1500695 1500000
1500696 1500000
1500697 1500000
1500698 1500000
1500699 1500000
1500700 1500000
1500701 1500000
1500702 1500000
1500703 1500000
1500704 1500000
1500705 1500000
1500706 1500000
1500707 1500000
1500708 1500000
1500709 1500000
1500710 1500000
1500711 1500000
1500712 1500000
1500713 1500000
1500714 1500000
1500715 1500000
1500716 1500000
1500717 1500000
1500718 1500000
1500719 1500000
1500720 1500000
1500721 1500000
1500722 1500000
1500723 1500000
1500724 1500000
1500725 1500000
1500726 1500000
1500727 1500000
1500728 1500000
1500729 1500000
1500730 1500000
1500731 1500000
1500732 1500000
1500733 1500000
1500734 1500000
1500735 1500000
1500736 1500000
1500737 1500000
1500738 1500000
1500739 1500000
1500740 1500000
1500741 1500000
1500742 1500000
1500743 1500000
1500744 1500000
1500745 1500000
1500746 1500000
1500747 1500000
1500748 1500000
1500749 1500000
1500750 1500000
1500751 1500000
1500752 1500000
1500753 1500000
1500754 1500000
1500755 1500000
1500756 1500000
1500757 1500000
1500758 1500000
1500759 1500000
1500760 1500000
1500761 1500000
1500762 1500000
1500763 1500000
1500764 1500000
1500765 1500000
1500766 1500000
1500767 1500000
1500768 1500000
1500769 1500000
1500770 1500000
1500771 1500000
1500772 1500000
1500773 1500000
1500774 1500000
1500775 1500000
1500776 1500000
1500777 1500000
1500778 1500000
1500779 1500000
1500780 1500000
1500781 1500000
1500782 1500000
1500783 1500000
1500784 1500000
1500785 1500000
1500786 1500000
1500787 1500000
1500788 1500000
1500789 1500000
1500790 1500000
1500791 1500000
1500792 1500000
1500793 1500000
1500794 1500000
1500795 1500000
1500796 1500000
1500797 1500000
1500798 1500000
1500799 1500000
1500800 1500000
1500801 1500000
1500802 1500000
1500803 1500000
1500804 1500000
1500805 1500000
1500806 1500000
1500807 1500000
1500808 1500000
1500809 1500000
1500810 1500000
1500811 1500000
1500812 1500000
1500813 1500000
1500814 1500000
1500815 1500000
1500816 1500000
1500817 1500000
1500818 1500000
1500819 1500000
1500820 1500000
1500821 1500000
1500822 1500000
1500823 1500000
1500824 1500000
1500825 1500000
1500826 1500000
1500827 1500000
1500828 1500000
1500829 1500000
1500830 1500000
1500831 1500000
1500832 1500000
1500833 1500000
1500834 1500000
1500835 1500000
1500836 1500000
1500837 1500000
1500838 1500000
1500839 1500000
1500840 1500000
1500841 1500000
1500842 1500000
1500843 1500000
1500844 1500000
1500845 1500000
1500846 1500000
1500847 1500000
1500848 1500000
1500849 1500000
1500850 1500000
1500851 1500000
1500852 1500000
1500853 1500000
1500854 1500000
1500855 1500000
1500856 1500000
1500857 1500000
1500858 1500000
1500859 1500000
1500860 1500000
1500861 1500000
1500862 1500000
1500863 1500000
1500864 1500000
1500865 1500000
1500866 1500000
1500867 1500000
1500868 1500000
1500869 1500000
1500870 1500000
1500871 1500000
1500872 1500000
1500873 1500000
1500874 1500000
1500875 1500000
1500876 1500000
1500877 1500000
1500878 1500000
1500879 1500000
1500880 1500000
1500881 1500000
1500882 1500000
1500883 1500000
1500884 1500000
1500885 1500000
1500886 1500000
1500887 1500000
1500888 1500000
1500889 1500000
1500890 1500000
1500891 1500000
1500892 1500000
1500893 1500000
1500894 1500000
1500895 1500000
1500896 1500000
1500897 1500000
1500898 1500000
1500899 1500000
1500900 1500000
1500901 1500000
1500902 1500000
1500903 1500000
1500904 1500000
1500905 1500000
1500906 1500000
1500907 1500000
1500908 1500000
1500909 1500000
1500910 1500000
1500911 1500000
1500912 1500000
1500913 1500000
1500914 1500000
1500915 1500000
1500916 1500000
1500917 1500000
1500918 1500000
1500919 1500000
1500920 1500000
1500921 1500000
1500922 1500000
1500923 1500000
1500924 1500000
1500925 1500000
1500926 1500000
1500927 1500000
1500928 1500000
1500929 1500000
1500930 1500000
1500931 1500000
1500932 1500000
1500933 1500000
1500934 1500000
1500935 1500000
1500936 1500000
1500937 1500000
1500938 1500000
1500939 1500000
1500940 1500000
1500941 1500000
1500942 1500000
1500943 1500000
1500944 1500000
1500945 1500000
1500946 1500000
1500947 1500000
1500948 1500000
1500949 1500000
1500950 1500000
1500951 1500000
1500952 1500000
1500953 1500000
1500954 1500000
1500955 1500000
1500956 1500000
1500957 1500000
1500958 1500000
1500959 1500000
1500960 1500000
1500961 1500000
1500962 1500000
1500963 1500000
1500964 1500000
1500965 1500000
1500966 1500000
1500967 1500000
1500968 1500000
1500969 1500000
1500970 1500000
1500971 1500000
1500972 1500000
1500973 1500000
1500974 1500000
1500975 1500000
1500976 1500000
1500977 1500000
1500978 1500000
1500979 1500000
1500980 1500000
1500981 1500000
1500982 1500000
1500983 1500000
1500984 1500000
1500985 1500000
1500986 1500000
1500987 1500000
1500988 1500000
1500989 1500000
1500990 1500000
1500991 1500000
1500992 1500000
1500993 1500000
1500994 1500000
1500995 1500000
1500996 1500000
1500997 1500000
1500998 1500000
1500999 1500000
