test : 1 1 1
1


test : 2 1 3
2 1


test : 2 3 1
-1
test : 3 1 6
3 2 1


test : 3 2 3
3
2 1


test : 3 3 2
-1
test : 3 6 1
-1
test : 4 1 10
4 3 2 1


test : 4 2 5
4 1
3 2


test : 4 5 2
-1
test : 4 10 1
-1
test : 5 1 15
5 4 3 2 1


test : 5 3 5
5
4 1
3 2


test : 5 5 3
-1
test : 5 15 1
-1
test : 6 1 21
6 5 4 3 2 1


test : 6 3 7
6 1
5 2
4 3


test : 6 7 3
-1
test : 6 21 1
-1
test : 7 1 28
7 6 5 4 3 2 1


test : 7 2 14
7 4 3
6 5 2 1


test : 7 4 7
7
6 1
5 2
4 3


test : 7 7 4
-1
test : 7 14 2
-1
test : 7 28 1
-1
test : 8 1 36
8 7 6 5 4 3 2 1


test : 8 2 18
8 5 4 1
7 6 3 2


test : 8 3 12
8 4
7 5
6 3 2 1


test : 8 4 9
8 1
7 2
6 3
5 4


test : 8 6 6
-1
test : 8 9 4
-1
test : 8 12 3
-1
test : 8 18 2
-1
test : 8 36 1
-1
test : 9 1 45
9 8 7 6 5 4 3 2 1


test : 9 3 15
9 6
8 7
5 4 3 2 1


test : 9 5 9
9
8 1
7 2
6 3
5 4


test : 9 9 5
-1
test : 9 15 3
-1
test : 9 45 1
-1
test : 10 1 55
10 9 8 7 6 5 4 3 2 1


test : 10 5 11
10 1
9 2
8 3
7 4
6 5


test : 10 11 5
-1
test : 10 55 1
-1
test : 11 1 66
11 10 9 8 7 6 5 4 3 2 1


test : 11 2 33
11 8 7 4 3
10 9 6 5 2 1


test : 11 3 22
11 6 5
10 7 4 1
9 8 3 2


test : 11 6 11
11
10 1
9 2
8 3
7 4
6 5


test : 11 11 6
-1
test : 11 22 3
-1
test : 11 33 2
-1
test : 11 66 1
-1
test : 12 1 78
12 11 10 9 8 7 6 5 4 3 2 1


test : 12 2 39
12 9 8 5 4 1
11 10 7 6 3 2


test : 12 3 26
12 7 6 1
11 8 5 2
10 9 4 3


test : 12 6 13
12 1
11 2
10 3
9 4
8 5
7 6


test : 12 13 6
-1
test : 12 26 3
-1
test : 12 39 2
-1
test : 12 78 1
-1
test : 13 1 91
13 12 11 10 9 8 7 6 5 4 3 2 1


test : 13 7 13
13
12 1
11 2
10 3
9 4
8 5
7 6


test : 13 13 7
-1
test : 13 91 1
-1
test : 14 1 105
14 13 12 11 10 9 8 7 6 5 4 3 2 1


test : 14 3 35
14 9 8 4
13 10 7 5
12 11 6 3 2 1


test : 14 5 21
14 7
13 8
12 9
11 10
6 5 4 3 2 1


test : 14 7 15
14 1
13 2
12 3
11 4
10 5
9 6
8 7


test : 14 15 7
-1
test : 14 21 5
-1
test : 14 35 3
-1
test : 14 105 1
-1
test : 15 1 120
15 14 13 12 11 10 9 8 7 6 5 4 3 2 1


test : 15 2 60
15 12 11 8 7 4 3
14 13 10 9 6 5 2 1


test : 15 3 40
15 10 9 6
14 11 8 7
13 12 5 4 3 2 1


test : 15 4 30
15 8 7
14 9 6 1
13 10 5 2
12 11 4 3


test : 15 5 24
15 9
14 10
13 11
12 8 4
7 6 5 3 2 1


test : 15 6 20
15 5
14 6
13 7
12 8
11 9
10 4 3 2 1


test : 15 8 15
15
14 1
13 2
12 3
11 4
10 5
9 6
8 7


test : 15 10 12
-1
test : 15 12 10
-1
test : 15 15 8
-1
test : 15 20 6
-1
test : 15 24 5
-1
test : 15 30 4
-1
test : 15 40 3
-1
test : 15 60 2
-1
test : 15 120 1
-1
test : 16 1 136
16 15 14 13 12 11 10 9 8 7 6 5 4 3 2 1


test : 16 2 68
16 13 12 9 8 5 4 1
15 14 11 10 7 6 3 2


test : 16 4 34
16 9 8 1
15 10 7 2
14 11 6 3
13 12 5 4


test : 16 8 17
16 1
15 2
14 3
13 4
12 5
11 6
10 7
9 8


test : 16 17 8
-1
test : 16 34 4
-1
test : 16 68 2
-1
test : 16 136 1
-1
test : 17 1 153
17 16 15 14 13 12 11 10 9 8 7 6 5 4 3 2 1


test : 17 3 51
17 12 11 6 5
16 13 10 7 4 1
15 14 9 8 3 2


test : 17 9 17
17
16 1
15 2
14 3
13 4
12 5
11 6
10 7
9 8


test : 17 17 9
-1
test : 17 51 3
-1
test : 17 153 1
-1
test : 18 1 171
18 17 16 15 14 13 12 11 10 9 8 7 6 5 4 3 2 1


test : 18 3 57
18 13 12 7 6 1
17 14 11 8 5 2
16 15 10 9 4 3


test : 18 9 19
18 1
17 2
16 3
15 4
14 5
13 6
12 7
11 8
10 9


test : 18 19 9
-1
test : 18 57 3
-1
test : 18 171 1
-1
test : 19 1 190
19 18 17 16 15 14 13 12 11 10 9 8 7 6 5 4 3 2 1


test : 19 2 95
19 16 15 12 11 8 7 4 3
18 17 14 13 10 9 6 5 2 1


test : 19 5 38
19 10 9
18 11 8 1
17 12 7 2
16 13 6 3
15 14 5 4


test : 19 10 19
19
18 1
17 2
16 3
15 4
14 5
13 6
12 7
11 8
10 9


test : 19 19 10
-1
test : 19 38 5
-1
test : 19 95 2
-1
test : 19 190 1
-1
test : 20 1 210
20 19 18 17 16 15 14 13 12 11 10 9 8 7 6 5 4 3 2 1


test : 20 2 105
20 17 16 13 12 9 8 5 4 1
19 18 15 14 11 10 7 6 3 2


test : 20 3 70
20 15 14 9 8 4
19 16 13 10 7 5
18 17 12 11 6 3 2 1


test : 20 5 42
20 11 10 1
19 12 9 2
18 13 8 3
17 14 7 4
16 15 6 5


test : 20 6 35
20 15
19 16
18 17
14 13 8
12 11 10 2
9 7 6 5 4 3 1


test : 20 7 30
20 10
19 11
18 12
17 13
16 14
15 9 6
8 7 5 4 3 2 1


test : 20 10 21
20 1
19 2
18 3
17 4
16 5
15 6
14 7
13 8
12 9
11 10


test : 20 14 15
-1
test : 20 15 14
-1
test : 20 21 10
-1
test : 20 30 7
-1
test : 20 35 6
-1
test : 20 42 5
-1
test : 20 70 3
-1
test : 20 105 2
-1
test : 20 210 1
-1
test : 21 1 231
21 20 19 18 17 16 15 14 13 12 11 10 9 8 7 6 5 4 3 2 1


test : 21 3 77
21 16 15 10 9 6
20 17 14 11 8 7
19 18 13 12 5 4 3 2 1


test : 21 7 33
21 12
20 13
19 14
18 15
17 16
11 10 9 3
8 7 6 5 4 2 1


test : 21 11 21
21
20 1
19 2
18 3
17 4
16 5
15 6
14 7
13 8
12 9
11 10


test : 21 21 11
-1
test : 21 33 7
-1
test : 21 77 3
-1
test : 21 231 1
-1
test : 22 1 253
22 21 20 19 18 17 16 15 14 13 12 11 10 9 8 7 6 5 4 3 2 1


test : 22 11 23
22 1
21 2
20 3
19 4
18 5
17 6
16 7
15 8
14 9
13 10
12 11


test : 22 23 11
-1
test : 22 253 1
-1
test : 23 1 276
23 22 21 20 19 18 17 16 15 14 13 12 11 10 9 8 7 6 5 4 3 2 1


test : 23 2 138
23 20 19 16 15 12 11 8 7 4 3
22 21 18 17 14 13 10 9 6 5 2 1


test : 23 3 92
23 18 17 12 11 6 5
22 19 16 13 10 7 4 1
21 20 15 14 9 8 3 2


test : 23 4 69
23 16 15 8 7
22 17 14 9 6 1
21 18 13 10 5 2
20 19 12 11 4 3


test : 23 6 46
23 12 11
22 13 10 1
21 14 9 2
20 15 8 3
19 16 7 4
18 17 6 5


test : 23 12 23
23
22 1
21 2
20 3
19 4
18 5
17 6
16 7
15 8
14 9
13 10
12 11


test : 23 23 12
-1
test : 23 46 6
-1
test : 23 69 4
-1
test : 23 92 3
-1
test : 23 138 2
-1
test : 23 276 1
-1
test : 24 1 300
24 23 22 21 20 19 18 17 16 15 14 13 12 11 10 9 8 7 6 5 4 3 2 1


test : 24 2 150
24 21 20 17 16 13 12 9 8 5 4 1
23 22 19 18 15 14 11 10 7 6 3 2


test : 24 3 100
24 19 18 13 12 7 6 1
23 20 17 14 11 8 5 2
22 21 16 15 10 9 4 3


test : 24 4 75
24 17 16 9 8 1
23 18 15 10 7 2
22 19 14 11 6 3
21 20 13 12 5 4


test : 24 5 60
24 15 14 7
23 16 13 8
22 17 12 9
21 18 11 10
20 19 6 5 4 3 2 1


test : 24 6 50
24 13 12 1
23 14 11 2
22 15 10 3
21 16 9 4
20 17 8 5
19 18 7 6


test : 24 10 30
24 6
23 7
22 8
21 9
20 10
19 11
18 12
17 13
16 14
15 5 4 3 2 1


test : 24 12 25
24 1
23 2
22 3
21 4
20 5
19 6
18 7
17 8
16 9
15 10
14 11
13 12


test : 24 15 20
-1
test : 24 20 15
-1
test : 24 25 12
-1
test : 24 30 10
-1
test : 24 50 6
-1
test : 24 60 5
-1
test : 24 75 4
-1
test : 24 100 3
-1
test : 24 150 2
-1
test : 24 300 1
-1
test : 25 1 325
25 24 23 22 21 20 19 18 17 16 15 14 13 12 11 10 9 8 7 6 5 4 3 2 1


test : 25 5 65
25 16 15 9
24 17 14 10
23 18 13 11
22 19 12 8 4
21 20 7 6 5 3 2 1


test : 25 13 25
25
24 1
23 2
22 3
21 4
20 5
19 6
18 7
17 8
16 9
15 10
14 11
13 12


test : 25 25 13
-1
test : 25 65 5
-1
test : 25 325 1
-1
test : 26 1 351
26 25 24 23 22 21 20 19 18 17 16 15 14 13 12 11 10 9 8 7 6 5 4 3 2 1


test : 26 3 117
26 21 20 15 14 9 8 4
25 22 19 16 13 10 7 5
24 23 18 17 12 11 6 3 2 1


test : 26 9 39
26 13
25 14
24 15
23 16
22 17
21 18
20 19
12 11 10 6
9 8 7 5 4 3 2 1


test : 26 13 27
26 1
25 2
24 3
23 4
22 5
21 6
20 7
19 8
18 9
17 10
16 11
15 12
14 13


test : 26 27 13
-1
test : 26 39 9
-1
test : 26 117 3
-1
test : 26 351 1
-1
test : 27 1 378
27 26 25 24 23 22 21 20 19 18 17 16 15 14 13 12 11 10 9 8 7 6 5 4 3 2 1


test : 27 2 189
27 24 23 20 19 16 15 12 11 8 7 4 3
26 25 22 21 18 17 14 13 10 9 6 5 2 1


test : 27 3 126
27 22 21 16 15 10 9 6
26 23 20 17 14 11 8 7
25 24 19 18 13 12 5 4 3 2 1


test : 27 6 63
27 16 15 5
26 17 14 6
25 18 13 7
24 19 12 8
23 20 11 9
22 21 10 4 3 2 1


test : 27 7 54
27 14 13
26 15 12 1
25 16 11 2
24 17 10 3
23 18 9 4
22 19 8 5
21 20 7 6


test : 27 9 42
27 15
26 16
25 17
24 18
23 19
22 20
21 14 7
13 12 11 6
10 9 8 5 4 3 2 1


test : 27 14 27
27
26 1
25 2
24 3
23 4
22 5
21 6
20 7
19 8
18 9
17 10
16 11
15 12
14 13


test : 27 18 21
-1
test : 27 21 18
-1
test : 27 27 14
-1
test : 27 42 9
-1
test : 27 54 7
-1
test : 27 63 6
-1
test : 27 126 3
-1
test : 27 189 2
-1
test : 27 378 1
-1
test : 28 1 406
28 27 26 25 24 23 22 21 20 19 18 17 16 15 14 13 12 11 10 9 8 7 6 5 4 3 2 1


test : 28 2 203
28 25 24 21 20 17 16 13 12 9 8 5 4 1
27 26 23 22 19 18 15 14 11 10 7 6 3 2


test : 28 7 58
28 15 14 1
27 16 13 2
26 17 12 3
25 18 11 4
24 19 10 5
23 20 9 6
22 21 8 7


test : 28 14 29
28 1
27 2
26 3
25 4
24 5
23 6
22 7
21 8
20 9
19 10
18 11
17 12
16 13
15 14


test : 28 29 14
-1
test : 28 58 7
-1
test : 28 203 2
-1
test : 28 406 1
-1
test : 29 1 435
29 28 27 26 25 24 23 22 21 20 19 18 17 16 15 14 13 12 11 10 9 8 7 6 5 4 3 2 1


test : 29 3 145
29 24 23 18 17 12 11 6 5
28 25 22 19 16 13 10 7 4 1
27 26 21 20 15 14 9 8 3 2


test : 29 5 87
29 20 19 10 9
28 21 18 11 8 1
27 22 17 12 7 2
26 23 16 13 6 3
25 24 15 14 5 4


test : 29 15 29
29
28 1
27 2
26 3
25 4
24 5
23 6
22 7
21 8
20 9
19 10
18 11
17 12
16 13
15 14


test : 29 29 15
-1
test : 29 87 5
-1
test : 29 145 3
-1
test : 29 435 1
-1
test : 30 1 465
30 29 28 27 26 25 24 23 22 21 20 19 18 17 16 15 14 13 12 11 10 9 8 7 6 5 4 3 2 1


test : 30 3 155
30 25 24 19 18 13 12 7 6 1
29 26 23 20 17 14 11 8 5 2
28 27 22 21 16 15 10 9 4 3


test : 30 5 93
30 21 20 11 10 1
29 22 19 12 9 2
28 23 18 13 8 3
27 24 17 14 7 4
26 25 16 15 6 5


test : 30 15 31
30 1
29 2
28 3
27 4
26 5
25 6
24 7
23 8
22 9
21 10
20 11
19 12
18 13
17 14
16 15


test : 30 31 15
-1
test : 30 93 5
-1
test : 30 155 3
-1
test : 30 465 1
-1
test : 31 1 496
31 30 29 28 27 26 25 24 23 22 21 20 19 18 17 16 15 14 13 12 11 10 9 8 7 6 5 4 3 2 1


test : 31 2 248
31 28 27 24 23 20 19 16 15 12 11 8 7 4 3
30 29 26 25 22 21 18 17 14 13 10 9 6 5 2 1


test : 31 4 124
31 24 23 16 15 8 7
30 25 22 17 14 9 6 1
29 26 21 18 13 10 5 2
28 27 20 19 12 11 4 3


test : 31 8 62
31 16 15
30 17 14 1
29 18 13 2
28 19 12 3
27 20 11 4
26 21 10 5
25 22 9 6
24 23 8 7


test : 31 16 31
31
30 1
29 2
28 3
27 4
26 5
25 6
24 7
23 8
22 9
21 10
20 11
19 12
18 13
17 14
16 15


test : 31 31 16
-1
test : 31 62 8
-1
test : 31 124 4
-1
test : 31 248 2
-1
test : 31 496 1
-1
test : 32 1 528
32 31 30 29 28 27 26 25 24 23 22 21 20 19 18 17 16 15 14 13 12 11 10 9 8 7 6 5 4 3 2 1


test : 32 2 264
32 29 28 25 24 21 20 17 16 13 12 9 8 5 4 1
31 30 27 26 23 22 19 18 15 14 11 10 7 6 3 2


test : 32 3 176
32 27 26 21 20 15 14 9 8 4
31 28 25 22 19 16 13 10 7 5
30 29 24 23 18 17 12 11 6 3 2 1


test : 32 4 132
32 25 24 17 16 9 8 1
31 26 23 18 15 10 7 2
30 27 22 19 14 11 6 3
29 28 21 20 13 12 5 4


test : 32 6 88
32 21 20 15
31 22 19 16
30 23 18 17
29 24 14 13 8
28 25 12 11 10 2
27 26 9 7 6 5 4 3 1


test : 32 8 66
32 17 16 1
31 18 15 2
30 19 14 3
29 20 13 4
28 21 12 5
27 22 11 6
26 23 10 7
25 24 9 8


test : 32 11 48
32 16
31 17
30 18
29 19
28 20
27 21
26 22
25 23
24 15 9
14 13 12 8 1
11 10 7 6 5 4 3 2


test : 32 12 44
32 12
31 13
30 14
29 15
28 16
27 17
26 18
25 19
24 20
23 21
22 11 10 1
9 8 7 6 5 4 3 2


test : 32 16 33
32 1
31 2
30 3
29 4
28 5
27 6
26 7
25 8
24 9
23 10
22 11
21 12
20 13
19 14
18 15
17 16


test : 32 22 24
-1
test : 32 24 22
-1
test : 32 33 16
-1
test : 32 44 12
-1
test : 32 48 11
-1
test : 32 66 8
-1
test : 32 88 6
-1
test : 32 132 4
-1
test : 32 176 3
-1
test : 32 264 2
-1
test : 32 528 1
-1
test : 33 1 561
33 32 31 30 29 28 27 26 25 24 23 22 21 20 19 18 17 16 15 14 13 12 11 10 9 8 7 6 5 4 3 2 1


test : 33 3 187
33 28 27 22 21 16 15 10 9 6
32 29 26 23 20 17 14 11 8 7
31 30 25 24 19 18 13 12 5 4 3 2 1


test : 33 11 51
33 18
32 19
31 20
30 21
29 22
28 23
27 24
26 25
17 16 15 3
14 13 12 11 1
10 9 8 7 6 5 4 2


test : 33 17 33
33
32 1
31 2
30 3
29 4
28 5
27 6
26 7
25 8
24 9
23 10
22 11
21 12
20 13
19 14
18 15
17 16


test : 33 33 17
-1
test : 33 51 11
-1
test : 33 187 3
-1
test : 33 561 1
-1
test : 34 1 595
34 33 32 31 30 29 28 27 26 25 24 23 22 21 20 19 18 17 16 15 14 13 12 11 10 9 8 7 6 5 4 3 2 1


test : 34 5 119
34 25 24 15 14 7
33 26 23 16 13 8
32 27 22 17 12 9
31 28 21 18 11 10
30 29 20 19 6 5 4 3 2 1


test : 34 7 85
34 21 20 10
33 22 19 11
32 23 18 12
31 24 17 13
30 25 16 14
29 26 15 9 6
28 27 8 7 5 4 3 2 1


test : 34 17 35
34 1
33 2
32 3
31 4
30 5
29 6
28 7
27 8
26 9
25 10
24 11
23 12
22 13
21 14
20 15
19 16
18 17


test : 34 35 17
-1
test : 34 85 7
-1
test : 34 119 5
-1
test : 34 595 1
-1
test : 35 1 630
35 34 33 32 31 30 29 28 27 26 25 24 23 22 21 20 19 18 17 16 15 14 13 12 11 10 9 8 7 6 5 4 3 2 1


test : 35 2 315
35 32 31 28 27 24 23 20 19 16 15 12 11 8 7 4 3
34 33 30 29 26 25 22 21 18 17 14 13 10 9 6 5 2 1


test : 35 3 210
35 30 29 24 23 18 17 12 11 6 5
34 31 28 25 22 19 16 13 10 7 4 1
33 32 27 26 21 20 15 14 9 8 3 2


test : 35 5 126
35 26 25 16 15 9
34 27 24 17 14 10
33 28 23 18 13 11
32 29 22 19 12 8 4
31 30 21 20 7 6 5 3 2 1


test : 35 6 105
35 24 23 12 11
34 25 22 13 10 1
33 26 21 14 9 2
32 27 20 15 8 3
31 28 19 16 7 4
30 29 18 17 6 5


test : 35 7 90
35 22 21 12
34 23 20 13
33 24 19 14
32 25 18 15
31 26 17 16
30 27 11 10 9 3
29 28 8 7 6 5 4 2 1


test : 35 9 70
35 18 17
34 19 16 1
33 20 15 2
32 21 14 3
31 22 13 4
30 23 12 5
29 24 11 6
28 25 10 7
27 26 9 8


test : 35 10 63
35 28
34 29
33 30
32 31
27 26 10
25 24 14
23 22 18
21 20 19 3
17 16 15 13 2
12 11 9 8 7 6 5 4 1


test : 35 14 45
35 10
34 11
33 12
32 13
31 14
30 15
29 16
28 17
27 18
26 19
25 20
24 21
23 22
9 8 7 6 5 4 3 2 1


test : 35 15 42
35 7
34 8
33 9
32 10
31 11
30 12
29 13
28 14
27 15
26 16
25 17
24 18
23 19
22 20
21 6 5 4 3 2 1


test : 35 18 35
35
34 1
33 2
32 3
31 4
30 5
29 6
28 7
27 8
26 9
25 10
24 11
23 12
22 13
21 14
20 15
19 16
18 17


test : 35 21 30
-1
test : 35 30 21
-1
test : 35 35 18
-1
test : 35 42 15
-1
test : 35 45 14
-1
test : 35 63 10
-1
test : 35 70 9
-1
test : 35 90 7
-1
test : 35 105 6
-1
test : 35 126 5
-1
test : 35 210 3
-1
test : 35 315 2
-1
test : 35 630 1
-1
test : 36 1 666
36 35 34 33 32 31 30 29 28 27 26 25 24 23 22 21 20 19 18 17 16 15 14 13 12 11 10 9 8 7 6 5 4 3 2 1


test : 36 2 333
36 33 32 29 28 25 24 21 20 17 16 13 12 9 8 5 4 1
35 34 31 30 27 26 23 22 19 18 15 14 11 10 7 6 3 2


test : 36 3 222
36 31 30 25 24 19 18 13 12 7 6 1
35 32 29 26 23 20 17 14 11 8 5 2
34 33 28 27 22 21 16 15 10 9 4 3


test : 36 6 111
36 25 24 13 12 1
35 26 23 14 11 2
34 27 22 15 10 3
33 28 21 16 9 4
32 29 20 17 8 5
31 30 19 18 7 6


test : 36 9 74
36 19 18 1
35 20 17 2
34 21 16 3
33 22 15 4
32 23 14 5
31 24 13 6
30 25 12 7
29 26 11 8
28 27 10 9


test : 36 18 37
36 1
35 2
34 3
33 4
32 5
31 6
30 7
29 8
28 9
27 10
26 11
25 12
24 13
23 14
22 15
21 16
20 17
19 18


test : 36 37 18
-1
test : 36 74 9
-1
test : 36 111 6
-1
test : 36 222 3
-1
test : 36 333 2
-1
test : 36 666 1
-1
test : 37 1 703
37 36 35 34 33 32 31 30 29 28 27 26 25 24 23 22 21 20 19 18 17 16 15 14 13 12 11 10 9 8 7 6 5 4 3 2 1


test : 37 19 37
37
36 1
35 2
34 3
33 4
32 5
31 6
30 7
29 8
28 9
27 10
26 11
25 12
24 13
23 14
22 15
21 16
20 17
19 18


test : 37 37 19
-1
test : 37 703 1
-1
test : 38 1 741
38 37 36 35 34 33 32 31 30 29 28 27 26 25 24 23 22 21 20 19 18 17 16 15 14 13 12 11 10 9 8 7 6 5 4 3 2 1


test : 38 3 247
38 33 32 27 26 21 20 15 14 9 8 4
37 34 31 28 25 22 19 16 13 10 7 5
36 35 30 29 24 23 18 17 12 11 6 3 2 1


test : 38 13 57
38 19
37 20
36 21
35 22
34 23
33 24
32 25
31 26
30 27
29 28
18 17 16 6
15 14 13 12 3
11 10 9 8 7 5 4 2 1


test : 38 19 39
38 1
37 2
36 3
35 4
34 5
33 6
32 7
31 8
30 9
29 10
28 11
27 12
26 13
25 14
24 15
23 16
22 17
21 18
20 19


test : 38 39 19
-1
test : 38 57 13
-1
test : 38 247 3
-1
test : 38 741 1
-1
test : 39 1 780
39 38 37 36 35 34 33 32 31 30 29 28 27 26 25 24 23 22 21 20 19 18 17 16 15 14 13 12 11 10 9 8 7 6 5 4 3 2 1


test : 39 2 390
39 36 35 32 31 28 27 24 23 20 19 16 15 12 11 8 7 4 3
38 37 34 33 30 29 26 25 22 21 18 17 14 13 10 9 6 5 2 1


test : 39 3 260
39 34 33 28 27 22 21 16 15 10 9 6
38 35 32 29 26 23 20 17 14 11 8 7
37 36 31 30 25 24 19 18 13 12 5 4 3 2 1


test : 39 4 195
39 32 31 24 23 16 15 8 7
38 33 30 25 22 17 14 9 6 1
37 34 29 26 21 18 13 10 5 2
36 35 28 27 20 19 12 11 4 3


test : 39 5 156
39 30 29 20 19 10 9
38 31 28 21 18 11 8 1
37 32 27 22 17 12 7 2
36 33 26 23 16 13 6 3
35 34 25 24 15 14 5 4


test : 39 6 130
39 28 27 16 15 5
38 29 26 17 14 6
37 30 25 18 13 7
36 31 24 19 12 8
35 32 23 20 11 9
34 33 22 21 10 4 3 2 1


test : 39 10 78
39 20 19
38 21 18 1
37 22 17 2
36 23 16 3
35 24 15 4
34 25 14 5
33 26 13 6
32 27 12 7
31 28 11 8
30 29 10 9


test : 39 12 65
39 26
38 27
37 28
36 29
35 30
34 31
33 32
25 24 16
23 22 20
21 19 18 7
17 15 14 13 6
12 11 10 9 8 5 4 3 2 1


test : 39 13 60
39 21
38 22
37 23
36 24
35 25
34 26
33 27
32 28
31 29
30 20 10
19 18 17 6
16 15 14 13 2
12 11 9 8 7 5 4 3 1


test : 39 15 52
39 13
38 14
37 15
36 16
35 17
34 18
33 19
32 20
31 21
30 22
29 23
28 24
27 25
26 12 11 3
10 9 8 7 6 5 4 2 1


test : 39 20 39
39
38 1
37 2
36 3
35 4
34 5
33 6
32 7
31 8
30 9
29 10
28 11
27 12
26 13
25 14
24 15
23 16
22 17
21 18
20 19


test : 39 26 30
-1
test : 39 30 26
-1
test : 39 39 20
-1
test : 39 52 15
-1
test : 39 60 13
-1
test : 39 65 12
-1
test : 39 78 10
-1
test : 39 130 6
-1
test : 39 156 5
-1
test : 39 195 4
-1
test : 39 260 3
-1
test : 39 390 2
-1
test : 39 780 1
-1
test : 40 1 820
40 39 38 37 36 35 34 33 32 31 30 29 28 27 26 25 24 23 22 21 20 19 18 17 16 15 14 13 12 11 10 9 8 7 6 5 4 3 2 1


test : 40 2 410
40 37 36 33 32 29 28 25 24 21 20 17 16 13 12 9 8 5 4 1
39 38 35 34 31 30 27 26 23 22 19 18 15 14 11 10 7 6 3 2


test : 40 4 205
40 33 32 25 24 17 16 9 8 1
39 34 31 26 23 18 15 10 7 2
38 35 30 27 22 19 14 11 6 3
37 36 29 28 21 20 13 12 5 4


test : 40 5 164
40 31 30 21 20 11 10 1
39 32 29 22 19 12 9 2
38 33 28 23 18 13 8 3
37 34 27 24 17 14 7 4
36 35 26 25 16 15 6 5


test : 40 10 82
40 21 20 1
39 22 19 2
38 23 18 3
37 24 17 4
36 25 16 5
35 26 15 6
34 27 14 7
33 28 13 8
32 29 12 9
31 30 11 10


test : 40 20 41
40 1
39 2
38 3
37 4
36 5
35 6
34 7
33 8
32 9
31 10
30 11
29 12
28 13
27 14
26 15
25 16
24 17
23 18
22 19
21 20


test : 40 41 20
-1
test : 40 82 10
-1
test : 40 164 5
-1
test : 40 205 4
-1
test : 40 410 2
-1
test : 40 820 1
-1
test : 41 1 861
41 40 39 38 37 36 35 34 33 32 31 30 29 28 27 26 25 24 23 22 21 20 19 18 17 16 15 14 13 12 11 10 9 8 7 6 5 4 3 2 1


test : 41 3 287
41 36 35 30 29 24 23 18 17 12 11 6 5
40 37 34 31 28 25 22 19 16 13 10 7 4 1
39 38 33 32 27 26 21 20 15 14 9 8 3 2


test : 41 7 123
41 28 27 14 13
40 29 26 15 12 1
39 30 25 16 11 2
38 31 24 17 10 3
37 32 23 18 9 4
36 33 22 19 8 5
35 34 21 20 7 6


test : 41 21 41
41
40 1
39 2
38 3
37 4
36 5
35 6
34 7
33 8
32 9
31 10
30 11
29 12
28 13
27 14
26 15
25 16
24 17
23 18
22 19
21 20


test : 41 41 21
-1
test : 41 123 7
-1
test : 41 287 3
-1
test : 41 861 1
-1
test : 42 1 903
42 41 40 39 38 37 36 35 34 33 32 31 30 29 28 27 26 25 24 23 22 21 20 19 18 17 16 15 14 13 12 11 10 9 8 7 6 5 4 3 2 1


test : 42 3 301
42 37 36 31 30 25 24 19 18 13 12 7 6 1
41 38 35 32 29 26 23 20 17 14 11 8 5 2
40 39 34 33 28 27 22 21 16 15 10 9 4 3


test : 42 7 129
42 29 28 15 14 1
41 30 27 16 13 2
40 31 26 17 12 3
39 32 25 18 11 4
38 33 24 19 10 5
37 34 23 20 9 6
36 35 22 21 8 7


test : 42 21 43
42 1
41 2
40 3
39 4
38 5
37 6
36 7
35 8
34 9
33 10
32 11
31 12
30 13
29 14
28 15
27 16
26 17
25 18
24 19
23 20
22 21


test : 42 43 21
-1
test : 42 129 7
-1
test : 42 301 3
-1
test : 42 903 1
-1
test : 43 1 946
43 42 41 40 39 38 37 36 35 34 33 32 31 30 29 28 27 26 25 24 23 22 21 20 19 18 17 16 15 14 13 12 11 10 9 8 7 6 5 4 3 2 1


test : 43 2 473
43 40 39 36 35 32 31 28 27 24 23 20 19 16 15 12 11 8 7 4 3
42 41 38 37 34 33 30 29 26 25 22 21 18 17 14 13 10 9 6 5 2 1


test : 43 11 86
43 22 21
42 23 20 1
41 24 19 2
40 25 18 3
39 26 17 4
38 27 16 5
37 28 15 6
36 29 14 7
35 30 13 8
34 31 12 9
33 32 11 10


test : 43 22 43
43
42 1
41 2
40 3
39 4
38 5
37 6
36 7
35 8
34 9
33 10
32 11
31 12
30 13
29 14
28 15
27 16
26 17
25 18
24 19
23 20
22 21


test : 43 43 22
-1
test : 43 86 11
-1
test : 43 473 2
-1
test : 43 946 1
-1
test : 44 1 990
44 43 42 41 40 39 38 37 36 35 34 33 32 31 30 29 28 27 26 25 24 23 22 21 20 19 18 17 16 15 14 13 12 11 10 9 8 7 6 5 4 3 2 1


test : 44 2 495
44 41 40 37 36 33 32 29 28 25 24 21 20 17 16 13 12 9 8 5 4 1
43 42 39 38 35 34 31 30 27 26 23 22 19 18 15 14 11 10 7 6 3 2


test : 44 3 330
44 39 38 33 32 27 26 21 20 15 14 9 8 4
43 40 37 34 31 28 25 22 19 16 13 10 7 5
42 41 36 35 30 29 24 23 18 17 12 11 6 3 2 1


test : 44 5 198
44 35 34 25 24 15 14 7
43 36 33 26 23 16 13 8
42 37 32 27 22 17 12 9
41 38 31 28 21 18 11 10
40 39 30 29 20 19 6 5 4 3 2 1


test : 44 6 165
44 33 32 21 20 15
43 34 31 22 19 16
42 35 30 23 18 17
41 36 29 24 14 13 8
40 37 28 25 12 11 10 2
39 38 27 26 9 7 6 5 4 3 1


test : 44 9 110
44 27 26 13
43 28 25 14
42 29 24 15
41 30 23 16
40 31 22 17
39 32 21 18
38 33 20 19
37 34 12 11 10 6
36 35 9 8 7 5 4 3 2 1


test : 44 10 99
44 25 24 6
43 26 23 7
42 27 22 8
41 28 21 9
40 29 20 10
39 30 19 11
38 31 18 12
37 32 17 13
36 33 16 14
35 34 15 5 4 3 2 1


test : 44 11 90
44 23 22 1
43 24 21 2
42 25 20 3
41 26 19 4
40 27 18 5
39 28 17 6
38 29 16 7
37 30 15 8
36 31 14 9
35 32 13 10
34 33 12 11


test : 44 15 66
44 22
43 23
42 24
41 25
40 26
39 27
38 28
37 29
36 30
35 31
34 32
33 21 12
20 19 18 9
17 16 15 14 4
13 11 10 8 7 6 5 3 2 1


test : 44 18 55
44 11
43 12
42 13
41 14
40 15
39 16
38 17
37 18
36 19
35 20
34 21
33 22
32 23
31 24
30 25
29 26
28 27
10 9 8 7 6 5 4 3 2 1


test : 44 22 45
44 1
43 2
42 3
41 4
40 5
39 6
38 7
37 8
36 9
35 10
34 11
33 12
32 13
31 14
30 15
29 16
28 17
27 18
26 19
25 20
24 21
23 22


test : 44 30 33
-1
test : 44 33 30
-1
test : 44 45 22
-1
test : 44 55 18
-1
test : 44 66 15
-1
test : 44 90 11
-1
test : 44 99 10
-1
test : 44 110 9
-1
test : 44 165 6
-1
test : 44 198 5
-1
test : 44 330 3
-1
test : 44 495 2
-1
test : 44 990 1
-1
test : 45 1 1035
45 44 43 42 41 40 39 38 37 36 35 34 33 32 31 30 29 28 27 26 25 24 23 22 21 20 19 18 17 16 15 14 13 12 11 10 9 8 7 6 5 4 3 2 1


test : 45 3 345
45 40 39 34 33 28 27 22 21 16 15 10 9 6
44 41 38 35 32 29 26 23 20 17 14 11 8 7
43 42 37 36 31 30 25 24 19 18 13 12 5 4 3 2 1


test : 45 5 207
45 36 35 26 25 16 15 9
44 37 34 27 24 17 14 10
43 38 33 28 23 18 13 11
42 39 32 29 22 19 12 8 4
41 40 31 30 21 20 7 6 5 3 2 1


test : 45 9 115
45 28 27 15
44 29 26 16
43 30 25 17
42 31 24 18
41 32 23 19
40 33 22 20
39 34 21 14 7
38 35 13 12 11 6
37 36 10 9 8 5 4 3 2 1


test : 45 15 69
45 24
44 25
43 26
42 27
41 28
40 29
39 30
38 31
37 32
36 33
35 34
23 22 21 3
20 19 18 12
17 16 15 14 7
13 11 10 9 8 6 5 4 2 1


test : 45 23 45
45
44 1
43 2
42 3
41 4
40 5
39 6
38 7
37 8
36 9
35 10
34 11
33 12
32 13
31 14
30 15
29 16
28 17
27 18
26 19
25 20
24 21
23 22


test : 45 45 23
-1
test : 45 69 15
-1
test : 45 115 9
-1
test : 45 207 5
-1
test : 45 345 3
-1
test : 45 1035 1
-1
test : 46 1 1081
46 45 44 43 42 41 40 39 38 37 36 35 34 33 32 31 30 29 28 27 26 25 24 23 22 21 20 19 18 17 16 15 14 13 12 11 10 9 8 7 6 5 4 3 2 1


test : 46 23 47
46 1
45 2
44 3
43 4
42 5
41 6
40 7
39 8
38 9
37 10
36 11
35 12
34 13
33 14
32 15
31 16
30 17
29 18
28 19
27 20
26 21
25 22
24 23


test : 46 47 23
-1
test : 46 1081 1
-1
test : 47 1 1128
47 46 45 44 43 42 41 40 39 38 37 36 35 34 33 32 31 30 29 28 27 26 25 24 23 22 21 20 19 18 17 16 15 14 13 12 11 10 9 8 7 6 5 4 3 2 1


test : 47 2 564
47 44 43 40 39 36 35 32 31 28 27 24 23 20 19 16 15 12 11 8 7 4 3
46 45 42 41 38 37 34 33 30 29 26 25 22 21 18 17 14 13 10 9 6 5 2 1


test : 47 3 376
47 42 41 36 35 30 29 24 23 18 17 12 11 6 5
46 43 40 37 34 31 28 25 22 19 16 13 10 7 4 1
45 44 39 38 33 32 27 26 21 20 15 14 9 8 3 2


test : 47 4 282
47 40 39 32 31 24 23 16 15 8 7
46 41 38 33 30 25 22 17 14 9 6 1
45 42 37 34 29 26 21 18 13 10 5 2
44 43 36 35 28 27 20 19 12 11 4 3


test : 47 6 188
47 36 35 24 23 12 11
46 37 34 25 22 13 10 1
45 38 33 26 21 14 9 2
44 39 32 27 20 15 8 3
43 40 31 28 19 16 7 4
42 41 30 29 18 17 6 5


test : 47 8 141
47 32 31 16 15
46 33 30 17 14 1
45 34 29 18 13 2
44 35 28 19 12 3
43 36 27 20 11 4
42 37 26 21 10 5
41 38 25 22 9 6
40 39 24 23 8 7


test : 47 12 94
47 24 23
46 25 22 1
45 26 21 2
44 27 20 3
43 28 19 4
42 29 18 5
41 30 17 6
40 31 16 7
39 32 15 8
38 33 14 9
37 34 13 10
36 35 12 11


test : 47 24 47
47
46 1
45 2
44 3
43 4
42 5
41 6
40 7
39 8
38 9
37 10
36 11
35 12
34 13
33 14
32 15
31 16
30 17
29 18
28 19
27 20
26 21
25 22
24 23


test : 47 47 24
-1
test : 47 94 12
-1
test : 47 141 8
-1
test : 47 188 6
-1
test : 47 282 4
-1
test : 47 376 3
-1
test : 47 564 2
-1
test : 47 1128 1
-1
test : 48 1 1176
48 47 46 45 44 43 42 41 40 39 38 37 36 35 34 33 32 31 30 29 28 27 26 25 24 23 22 21 20 19 18 17 16 15 14 13 12 11 10 9 8 7 6 5 4 3 2 1


test : 48 2 588
48 45 44 41 40 37 36 33 32 29 28 25 24 21 20 17 16 13 12 9 8 5 4 1
47 46 43 42 39 38 35 34 31 30 27 26 23 22 19 18 15 14 11 10 7 6 3 2


test : 48 3 392
48 43 42 37 36 31 30 25 24 19 18 13 12 7 6 1
47 44 41 38 35 32 29 26 23 20 17 14 11 8 5 2
46 45 40 39 34 33 28 27 22 21 16 15 10 9 4 3


test : 48 4 294
48 41 40 33 32 25 24 17 16 9 8 1
47 42 39 34 31 26 23 18 15 10 7 2
46 43 38 35 30 27 22 19 14 11 6 3
45 44 37 36 29 28 21 20 13 12 5 4


test : 48 6 196
48 37 36 25 24 13 12 1
47 38 35 26 23 14 11 2
46 39 34 27 22 15 10 3
45 40 33 28 21 16 9 4
44 41 32 29 20 17 8 5
43 42 31 30 19 18 7 6


test : 48 7 168
48 35 34 21 20 10
47 36 33 22 19 11
46 37 32 23 18 12
45 38 31 24 17 13
44 39 30 25 16 14
43 40 29 26 15 9 6
42 41 28 27 8 7 5 4 3 2 1


test : 48 8 147
48 33 32 17 16 1
47 34 31 18 15 2
46 35 30 19 14 3
45 36 29 20 13 4
44 37 28 21 12 5
43 38 27 22 11 6
42 39 26 23 10 7
41 40 25 24 9 8


test : 48 12 98
48 25 24 1
47 26 23 2
46 27 22 3
45 28 21 4
44 29 20 5
43 30 19 6
42 31 18 7
41 32 17 8
40 33 16 9
39 34 15 10
38 35 14 11
37 36 13 12


test : 48 14 84
48 36
47 37
46 38
45 39
44 40
43 41
42 35 7
34 33 17
32 31 21
30 29 25
28 27 26 3
24 23 22 15
20 19 18 16 11
14 13 12 10 9 8 6 5 4 2 1


test : 48 21 56
48 8
47 9
46 10
45 11
44 12
43 13
42 14
41 15
40 16
39 17
38 18
37 19
36 20
35 21
34 22
33 23
32 24
31 25
30 26
29 27
28 7 6 5 4 3 2 1


test : 48 24 49
48 1
47 2
46 3
45 4
44 5
43 6
42 7
41 8
40 9
39 10
38 11
37 12
36 13
35 14
34 15
33 16
32 17
31 18
30 19
29 20
28 21
27 22
26 23
25 24


test : 48 28 42
-1
test : 48 42 28
-1
test : 48 49 24
-1
test : 48 56 21
-1
test : 48 84 14
-1
test : 48 98 12
-1
test : 48 147 8
-1
test : 48 168 7
-1
test : 48 196 6
-1
test : 48 294 4
-1
test : 48 392 3
-1
test : 48 588 2
-1
test : 48 1176 1
-1
test : 49 1 1225
49 48 47 46 45 44 43 42 41 40 39 38 37 36 35 34 33 32 31 30 29 28 27 26 25 24 23 22 21 20 19 18 17 16 15 14 13 12 11 10 9 8 7 6 5 4 3 2 1


test : 49 5 245
49 40 39 30 29 20 19 10 9
48 41 38 31 28 21 18 11 8 1
47 42 37 32 27 22 17 12 7 2
46 43 36 33 26 23 16 13 6 3
45 44 35 34 25 24 15 14 5 4


test : 49 7 175
49 36 35 22 21 12
48 37 34 23 20 13
47 38 33 24 19 14
46 39 32 25 18 15
45 40 31 26 17 16
44 41 30 27 11 10 9 3
43 42 29 28 8 7 6 5 4 2 1


test : 49 25 49
49
48 1
47 2
46 3
45 4
44 5
43 6
42 7
41 8
40 9
39 10
38 11
37 12
36 13
35 14
34 15
33 16
32 17
31 18
30 19
29 20
28 21
27 22
26 23
25 24


test : 49 35 35
-1
test : 49 49 25
-1
test : 49 175 7
-1
test : 49 245 5
-1
test : 49 1225 1
-1
test : 50 1 1275
50 49 48 47 46 45 44 43 42 41 40 39 38 37 36 35 34 33 32 31 30 29 28 27 26 25 24 23 22 21 20 19 18 17 16 15 14 13 12 11 10 9 8 7 6 5 4 3 2 1


test : 50 3 425
50 45 44 39 38 33 32 27 26 21 20 15 14 9 8 4
49 46 43 40 37 34 31 28 25 22 19 16 13 10 7 5
48 47 42 41 36 35 30 29 24 23 18 17 12 11 6 3 2 1


test : 50 5 255
50 41 40 31 30 21 20 11 10 1
49 42 39 32 29 22 19 12 9 2
48 43 38 33 28 23 18 13 8 3
47 44 37 34 27 24 17 14 7 4
46 45 36 35 26 25 16 15 6 5


test : 50 15 85
50 35
49 36
48 37
47 38
46 39
45 40
44 41
43 42
34 33 18
32 31 22
30 29 26
28 27 25 5
24 23 21 17
20 19 16 15 14 1
13 12 11 10 9 8 7 6 4 3 2


test : 50 17 75
50 25
49 26
48 27
47 28
46 29
45 30
44 31
43 32
42 33
41 34
40 35
39 36
38 37
24 23 22 6
21 20 19 15
18 17 16 14 10
13 12 11 9 8 7 5 4 3 2 1


test : 50 25 51
50 1
49 2
48 3
47 4
46 5
45 6
44 7
43 8
42 9
41 10
40 11
39 12
38 13
37 14
36 15
35 16
34 17
33 18
32 19
31 20
30 21
29 22
28 23
27 24
26 25


test : 50 51 25
-1
test : 50 75 17
-1
test : 50 85 15
-1
test : 50 255 5
-1
test : 50 425 3
-1
test : 50 1275 1
-1
test : 51 1 1326
51 50 49 48 47 46 45 44 43 42 41 40 39 38 37 36 35 34 33 32 31 30 29 28 27 26 25 24 23 22 21 20 19 18 17 16 15 14 13 12 11 10 9 8 7 6 5 4 3 2 1


test : 51 2 663
51 48 47 44 43 40 39 36 35 32 31 28 27 24 23 20 19 16 15 12 11 8 7 4 3
50 49 46 45 42 41 38 37 34 33 30 29 26 25 22 21 18 17 14 13 10 9 6 5 2 1


test : 51 3 442
51 46 45 40 39 34 33 28 27 22 21 16 15 10 9 6
50 47 44 41 38 35 32 29 26 23 20 17 14 11 8 7
49 48 43 42 37 36 31 30 25 24 19 18 13 12 5 4 3 2 1


test : 51 6 221
51 40 39 28 27 16 15 5
50 41 38 29 26 17 14 6
49 42 37 30 25 18 13 7
48 43 36 31 24 19 12 8
47 44 35 32 23 20 11 9
46 45 34 33 22 21 10 4 3 2 1


test : 51 13 102
51 26 25
50 27 24 1
49 28 23 2
48 29 22 3
47 30 21 4
46 31 20 5
45 32 19 6
44 33 18 7
43 34 17 8
42 35 16 9
41 36 15 10
40 37 14 11
39 38 13 12


test : 51 17 78
51 27
50 28
49 29
48 30
47 31
46 32
45 33
44 34
43 35
42 36
41 37
40 38
39 26 13
25 24 23 6
22 21 20 15
19 18 17 16 8
14 12 11 10 9 7 5 4 3 2 1


test : 51 26 51
51
50 1
49 2
48 3
47 4
46 5
45 6
44 7
43 8
42 9
41 10
40 11
39 12
38 13
37 14
36 15
35 16
34 17
33 18
32 19
31 20
30 21
29 22
28 23
27 24
26 25


test : 51 34 39
-1
test : 51 39 34
-1
test : 51 51 26
-1
test : 51 78 17
-1
test : 51 102 13
-1
test : 51 221 6
-1
test : 51 442 3
-1
test : 51 663 2
-1
test : 51 1326 1
-1
test : 52 1 1378
52 51 50 49 48 47 46 45 44 43 42 41 40 39 38 37 36 35 34 33 32 31 30 29 28 27 26 25 24 23 22 21 20 19 18 17 16 15 14 13 12 11 10 9 8 7 6 5 4 3 2 1


test : 52 2 689
52 49 48 45 44 41 40 37 36 33 32 29 28 25 24 21 20 17 16 13 12 9 8 5 4 1
51 50 47 46 43 42 39 38 35 34 31 30 27 26 23 22 19 18 15 14 11 10 7 6 3 2


test : 52 13 106
52 27 26 1
51 28 25 2
50 29 24 3
49 30 23 4
48 31 22 5
47 32 21 6
46 33 20 7
45 34 19 8
44 35 18 9
43 36 17 10
42 37 16 11
41 38 15 12
40 39 14 13


test : 52 26 53
52 1
51 2
50 3
49 4
48 5
47 6
46 7
45 8
44 9
43 10
42 11
41 12
40 13
39 14
38 15
37 16
36 17
35 18
34 19
33 20
32 21
31 22
30 23
29 24
28 25
27 26


test : 52 53 26
-1
test : 52 106 13
-1
test : 52 689 2
-1
test : 52 1378 1
-1
test : 53 1 1431
53 52 51 50 49 48 47 46 45 44 43 42 41 40 39 38 37 36 35 34 33 32 31 30 29 28 27 26 25 24 23 22 21 20 19 18 17 16 15 14 13 12 11 10 9 8 7 6 5 4 3 2 1


test : 53 3 477
53 48 47 42 41 36 35 30 29 24 23 18 17 12 11 6 5
52 49 46 43 40 37 34 31 28 25 22 19 16 13 10 7 4 1
51 50 45 44 39 38 33 32 27 26 21 20 15 14 9 8 3 2


test : 53 9 159
53 36 35 18 17
52 37 34 19 16 1
51 38 33 20 15 2
50 39 32 21 14 3
49 40 31 22 13 4
48 41 30 23 12 5
47 42 29 24 11 6
46 43 28 25 10 7
45 44 27 26 9 8


test : 53 27 53
53
52 1
51 2
50 3
49 4
48 5
47 6
46 7
45 8
44 9
43 10
42 11
41 12
40 13
39 14
38 15
37 16
36 17
35 18
34 19
33 20
32 21
31 22
30 23
29 24
28 25
27 26


test : 53 53 27
-1
test : 53 159 9
-1
test : 53 477 3
-1
test : 53 1431 1
-1
test : 54 1 1485
54 53 52 51 50 49 48 47 46 45 44 43 42 41 40 39 38 37 36 35 34 33 32 31 30 29 28 27 26 25 24 23 22 21 20 19 18 17 16 15 14 13 12 11 10 9 8 7 6 5 4 3 2 1


test : 54 3 495
54 49 48 43 42 37 36 31 30 25 24 19 18 13 12 7 6 1
53 50 47 44 41 38 35 32 29 26 23 20 17 14 11 8 5 2
52 51 46 45 40 39 34 33 28 27 22 21 16 15 10 9 4 3


test : 54 5 297
54 45 44 35 34 25 24 15 14 7
53 46 43 36 33 26 23 16 13 8
52 47 42 37 32 27 22 17 12 9
51 48 41 38 31 28 21 18 11 10
50 49 40 39 30 29 20 19 6 5 4 3 2 1


test : 54 9 165
54 37 36 19 18 1
53 38 35 20 17 2
52 39 34 21 16 3
51 40 33 22 15 4
50 41 32 23 14 5
49 42 31 24 13 6
48 43 30 25 12 7
47 44 29 26 11 8
46 45 28 27 10 9


test : 54 11 135
54 33 32 16
53 34 31 17
52 35 30 18
51 36 29 19
50 37 28 20
49 38 27 21
48 39 26 22
47 40 25 23
46 41 24 15 9
45 42 14 13 12 8 1
44 43 11 10 7 6 5 4 3 2


test : 54 15 99
54 45
53 46
52 47
51 48
50 49
44 43 12
42 41 16
40 39 20
38 37 24
36 35 28
34 33 32
31 30 29 9
27 26 25 21
23 22 19 18 17
15 14 13 11 10 8 7 6 5 4 3 2 1


test : 54 27 55
54 1
53 2
52 3
51 4
50 5
49 6
48 7
47 8
46 9
45 10
44 11
43 12
42 13
41 14
40 15
39 16
38 17
37 18
36 19
35 20
34 21
33 22
32 23
31 24
30 25
29 26
28 27


test : 54 33 45
-1
test : 54 45 33
-1
test : 54 55 27
-1
test : 54 99 15
-1
test : 54 135 11
-1
test : 54 165 9
-1
test : 54 297 5
-1
test : 54 495 3
-1
test : 54 1485 1
-1
test : 55 1 1540
55 54 53 52 51 50 49 48 47 46 45 44 43 42 41 40 39 38 37 36 35 34 33 32 31 30 29 28 27 26 25 24 23 22 21 20 19 18 17 16 15 14 13 12 11 10 9 8 7 6 5 4 3 2 1


test : 55 2 770
55 52 51 48 47 44 43 40 39 36 35 32 31 28 27 24 23 20 19 16 15 12 11 8 7 4 3
54 53 50 49 46 45 42 41 38 37 34 33 30 29 26 25 22 21 18 17 14 13 10 9 6 5 2 1


test : 55 4 385
55 48 47 40 39 32 31 24 23 16 15 8 7
54 49 46 41 38 33 30 25 22 17 14 9 6 1
53 50 45 42 37 34 29 26 21 18 13 10 5 2
52 51 44 43 36 35 28 27 20 19 12 11 4 3


test : 55 5 308
55 46 45 36 35 26 25 16 15 9
54 47 44 37 34 27 24 17 14 10
53 48 43 38 33 28 23 18 13 11
52 49 42 39 32 29 22 19 12 8 4
51 50 41 40 31 30 21 20 7 6 5 3 2 1


test : 55 7 220
55 42 41 28 27 14 13
54 43 40 29 26 15 12 1
53 44 39 30 25 16 11 2
52 45 38 31 24 17 10 3
51 46 37 32 23 18 9 4
50 47 36 33 22 19 8 5
49 48 35 34 21 20 7 6


test : 55 10 154
55 36 35 28
54 37 34 29
53 38 33 30
52 39 32 31
51 40 27 26 10
50 41 25 24 14
49 42 23 22 18
48 43 21 20 19 3
47 44 17 16 15 13 2
46 45 12 11 9 8 7 6 5 4 1


test : 55 11 140
55 34 33 18
54 35 32 19
53 36 31 20
52 37 30 21
51 38 29 22
50 39 28 23
49 40 27 24
48 41 26 25
47 42 17 16 15 3
46 43 14 13 12 11 1
45 44 10 9 8 7 6 5 4 2


test : 55 14 110
55 28 27
54 29 26 1
53 30 25 2
52 31 24 3
51 32 23 4
50 33 22 5
49 34 21 6
48 35 20 7
47 36 19 8
46 37 18 9
45 38 17 10
44 39 16 11
43 40 15 12
42 41 14 13


test : 55 20 77
55 22
54 23
53 24
52 25
51 26
50 27
49 28
48 29
47 30
46 31
45 32
44 33
43 34
42 35
41 36
40 37
39 38
21 20 19 17
18 16 15 14 13 1
12 11 10 9 8 7 6 5 4 3 2


test : 55 22 70
55 15
54 16
53 17
52 18
51 19
50 20
49 21
48 22
47 23
46 24
45 25
44 26
43 27
42 28
41 29
40 30
39 31
38 32
37 33
36 34
35 14 13 8
12 11 10 9 7 6 5 4 3 2 1


test : 55 28 55
55
54 1
53 2
52 3
51 4
50 5
49 6
48 7
47 8
46 9
45 10
44 11
43 12
42 13
41 14
40 15
39 16
38 17
37 18
36 19
35 20
34 21
33 22
32 23
31 24
30 25
29 26
28 27


test : 55 35 44
-1
test : 55 44 35
-1
test : 55 55 28
-1
test : 55 70 22
-1
test : 55 77 20
-1
test : 55 110 14
-1
test : 55 140 11
-1
test : 55 154 10
-1
test : 55 220 7
-1
test : 55 308 5
-1
test : 55 385 4
-1
test : 55 770 2
-1
test : 55 1540 1
-1
test : 56 1 1596
56 55 54 53 52 51 50 49 48 47 46 45 44 43 42 41 40 39 38 37 36 35 34 33 32 31 30 29 28 27 26 25 24 23 22 21 20 19 18 17 16 15 14 13 12 11 10 9 8 7 6 5 4 3 2 1


test : 56 2 798
56 53 52 49 48 45 44 41 40 37 36 33 32 29 28 25 24 21 20 17 16 13 12 9 8 5 4 1
55 54 51 50 47 46 43 42 39 38 35 34 31 30 27 26 23 22 19 18 15 14 11 10 7 6 3 2


test : 56 3 532
56 51 50 45 44 39 38 33 32 27 26 21 20 15 14 9 8 4
55 52 49 46 43 40 37 34 31 28 25 22 19 16 13 10 7 5
54 53 48 47 42 41 36 35 30 29 24 23 18 17 12 11 6 3 2 1


test : 56 4 399
56 49 48 41 40 33 32 25 24 17 16 9 8 1
55 50 47 42 39 34 31 26 23 18 15 10 7 2
54 51 46 43 38 35 30 27 22 19 14 11 6 3
53 52 45 44 37 36 29 28 21 20 13 12 5 4


test : 56 6 266
56 45 44 33 32 21 20 15
55 46 43 34 31 22 19 16
54 47 42 35 30 23 18 17
53 48 41 36 29 24 14 13 8
52 49 40 37 28 25 12 11 10 2
51 50 39 38 27 26 9 7 6 5 4 3 1


test : 56 7 228
56 43 42 29 28 15 14 1
55 44 41 30 27 16 13 2
54 45 40 31 26 17 12 3
53 46 39 32 25 18 11 4
52 47 38 33 24 19 10 5
51 48 37 34 23 20 9 6
50 49 36 35 22 21 8 7


test : 56 12 133
56 33 32 12
55 34 31 13
54 35 30 14
53 36 29 15
52 37 28 16
51 38 27 17
50 39 26 18
49 40 25 19
48 41 24 20
47 42 23 21
46 43 22 11 10 1
45 44 9 8 7 6 5 4 3 2


test : 56 14 114
56 29 28 1
55 30 27 2
54 31 26 3
53 32 25 4
52 33 24 5
51 34 23 6
50 35 22 7
49 36 21 8
48 37 20 9
47 38 19 10
46 39 18 11
45 40 17 12
44 41 16 13
43 42 15 14


test : 56 19 84
56 28
55 29
54 30
53 31
52 32
51 33
50 34
49 35
48 36
47 37
46 38
45 39
44 40
43 41
42 27 15
26 25 24 9
23 22 21 18
20 19 17 16 12
14 13 11 10 8 7 6 5 4 3 2 1


test : 56 21 76
