6 62 42
1 2 37 197812584489487968
1 0 18 272955676649455800
1 1 54 5042499156414720
2 1 21 2 40
2 5 6 5 23
2 5 24 5 60
2 1 3 5 48
2 3 22 4 58
2 4 10 5 44
2 1 26 5 55
2 3 25 3 38
2 5 50 5 55
2 3 8 3 38
2 3 34 5 42
2 4 13 5 46
2 4 26 4 39
2 2 51 4 53
2 2 3 3 7
2 4 10 4 14
2 2 18 3 58
2 1 55 4 60
2 0 44 1 52
2 3 61 3 61
1 2 3 38322979382928240
2 1 6 2 23
2 0 22 2 60
2 1 22 3 42
2 5 25 5 60
2 2 52 5 56
2 5 4 5 56
2 4 17 5 23
2 0 51 2 59
2 4 10 4 41
2 3 50 3 56
2 2 59 3 61
2 4 7 5 27
2 3 20 4 58
2 4 15 5 24
2 3 52 3 60
2 5 14 5 27
2 4 14 5 56
