1000
59 83 100
13 66 1
49 78 52
66 15 25
69 96 3
75 37 68
82 94 57
17 79 13
50 22 62
20 11 46
86 67 92
7 52 33
40 87 59
16 66 92
99 99 99
2 76 15
78 28 15
100 84 31
88 98 54
4 38 5
55 94 27
94 11 37
43 30 26
52 37 89
95 85 81
79 67 41
19 78 93
4 99 34
18 69 54
53 48 96
95 11 94
98 42 24
36 67 58
30 64 33
42 8 52
52 39 2
53 61 85
16 86 46
16 39 79
63 75 34
44 52 32
37 87 64
84 5 4
11 45 47
77 41 62
90 63 36
94 54 91
22 89 58
32 43 54
19 59 93
95 62 96
93 26 48
63 90 6
33 36 11
37 92 57
10 37 85
80 15 95
1 69 27
44 27 57
22 95 30
57 75 37
49 34 10
31 8 81
68 55 29
67 1 56
40 79 88
27 69 53
95 59 36
61 95 87
99 61 22
6 68 91
35 71 80
31 43 35
6 27 73
29 81 85
22 2 57
34 85 73
92 80 87
88 58 41
7 25 48
82 35 76
41 67 73
83 41 63
14 84 31
74 29 63
28 96 15
42 7 15
91 2 82
13 47 81
100 1 1
89 11 13
34 67 6
81 3 94
83 98 82
75 12 4
19 57 99
99 8 47
25 69 7
86 25 64
76 21 60
78 28 94
64 16 62
34 14 7
10 36 76
58 20 9
34 74 94
77 23 24
4 92 13
13 17 1
91 35 47
16 46 80
45 70 62
53 80 34
68 88 5
14 72 37
93 73 87
33 12 86
52 68 11
89 99 82
38 86 11
5 66 37
9 70 2
91 59 33
72 45 65
15 81 62
78 100 69
21 66 14
41 88 72
85 13 84
48 52 2
19 32 19
16 43 68
53 48 15
94 30 5
77 83 32
14 63 94
67 7 97
96 23 25
54 93 10
19 67 40
95 61 13
68 13 87
12 83 57
21 89 97
85 7 21
8 31 78
17 31 57
43 9 84
66 26 38
34 16 89
10 38 38
47 66 45
1 23 57
66 19 66
61 71 58
67 10 77
87 63 13
2 77 57
65 83 43
48 46 58
60 87 90
34 98 65
46 13 17
76 10 62
80 74 70
10 22 55
70 72 24
5 85 97
50 42 68
53 86 23
16 74 2
8 3 76
45 62 57
77 88 1
14 30 25
71 52 15
7 62 58
90 77 46
72 83 63
0 89 69
44 5 97
22 34 52
73 9 85
77 28 9
49 79 11
14 19 22
52 91 16
51 39 32
84 1 80
99 92 73
91 86 32
13 42 34
58 86 97
91 74 34
41 97 68
97 82 93
6 54 76
85 55 91
61 87 41
9 10 84
18 56 55
34 15 71
77 46 25
53 100 79
84 75 56
65 70 12
73 6 68
67 77 35
34 26 6
70 91 100
55 94 47
48 69 67
24 84 57
61 12 61
81 40 43
97 10 91
9 76 39
100 55 38
94 41 86
23 70 19
19 8 1
53 90 67
6 57 10
74 77 38
38 100 15
7 38 80
100 26 16
88 27 3
77 89 75
4 84 60
67 45 63
55 98 32
14 89 2
8 87 8
79 88 11
11 99 88
62 59 95
100 23 20
52 71 59
89 80 24
17 78 67
78 56 13
54 31 99
26 63 84
54 28 31
72 53 57
35 57 4
7 72 10
79 46 84
22 75 38
88 55 34
75 52 73
40 9 35
62 87 92
87 66 72
87 37 94
68 45 5
59 30 95
26 54 1
20 62 88
2 93 86
35 97 48
78 12 41
6 26 84
64 85 30
39 68 98
98 4 46
17 32 44
67 48 15
74 98 45
20 73 91
99 70 86
70 59 36
79 70 92
99 77 4
79 91 11
10 34 81
80 94 17
35 87 31
55 2 71
42 35 78
80 53 38
75 69 6
71 8 8
83 12 56
16 58 42
76 86 17
42 65 78
37 73 10
59 43 87
7 55 65
50 36 93
61 53 3
92 100 81
62 17 11
67 68 52
41 5 75
69 82 83
71 28 4
15 14 85
52 79 8
30 5 55
32 81 7
90 58 66
66 92 12
76 85 40
35 81 8
90 78 19
18 89 10
8 78 93
77 61 9
16 20 13
57 26 71
13 62 100
28 74 83
7 54 41
4 78 15
77 31 9
10 67 92
93 79 38
55 77 36
66 25 14
3 82 67
51 52 94
8 2 87
87 28 17
31 47 82
16 79 40
21 61 42
80 46 30
66 22 24
27 63 72
75 18 61
89 21 73
74 32 14
10 86 69
11 72 92
97 70 4
84 79 77
55 37 9
32 67 10
16 81 32
16 12 2
33 70 76
95 44 79
89 42 1
51 61 95
76 82 99
88 17 100
61 9 64
12 72 15
43 47 33
38 2 57
96 10 58
86 33 83
96 33 27
44 95 98
6 37 12
57 38 52
93 21 57
19 71 93
79 48 76
19 15 33
93 8 68
58 63 62
36 87 6
45 3 87
76 45 72
39 81 80
46 74 16
23 68 11
75 9 23
14 81 78
69 62 92
93 62 100
46 100 56
52 23 15
91 63 31
75 55 81
55 80 45
67 83 21
62 57 13
81 13 32
73 5 80
1 13 64
93 28 75
6 23 99
57 27 68
33 29 79
41 87 80
63 18 95
33 6 28
8 92 17
19 90 69
2 57 53
60 29 94
41 54 55
91 22 82
22 42 25
74 35 91
94 7 87
93 73 82
1 42 57
90 98 72
88 76 98
79 29 41
33 55 85
59 75 48
31 20 6
35 55 45
2 48 25
80 80 99
16 20 69
5 47 66
49 32 95
37 17 62
49 18 95
70 15 34
59 22 76
0 55 55
8 58 1
97 88 98
2 21 41
33 20 79
4 57 29
54 84 33
19 61 77
4 17 11
27 65 77
52 60 75
84 74 99
24 64 84
97 40 45
34 59 57
55 3 20
96 67 6
20 46 39
94 30 67
20 56 69
89 48 41
10 55 27
95 24 55
15 73 20
29 11 42
100 70 91
68 23 60
25 68 86
82 89 7
14 60 30
36 64 15
35 35 60
21 81 30
84 58 8
87 57 12
99 8 69
11 83 30
29 37 5
36 42 44
97 76 47
46 59 25
35 99 22
69 11 77
46 71 15
18 61 15
47 68 48
40 32 40
78 23 25
12 71 89
26 4 85
16 58 27
44 65 58
29 71 99
9 67 78
38 4 1
87 93 35
17 81 100
64 88 26
75 31 59
79 4 33
37 13 100
14 98 61
10 19 4
17 63 22
85 93 63
94 73 33
67 14 93
45 4 63
27 81 7
56 61 7
13 55 55
54 70 59
40 5 31
49 86 5
80 2 41
16 88 96
15 74 4
41 20 71
85 33 65
60 81 24
85 96 27
2 47 93
53 66 72
0 53 42
76 47 70
36 54 38
99 13 4
84 63 8
55 71 46
78 84 95
91 96 80
72 98 89
87 37 39
62 44 84
1 22 6
12 88 91
66 96 69
35 72 76
40 31 94
85 67 94
47 88 38
36 98 27
72 68 30
10 22 75
73 79 96
24 81 77
100 60 84
66 90 100
16 11 38
97 44 64
74 83 52
28 14 70
60 52 78
66 68 37
13 99 9
97 14 17
18 75 8
80 32 67
13 9 61
49 37 81
91 10 23
93 24 72
26 92 27
1 87 21
47 8 15
56 22 38
83 62 4
100 17 30
64 38 29
68 82 88
5 95 26
87 40 57
98 28 93
34 44 71
36 98 30
81 16 88
36 86 34
27 23 13
86 14 22
1 52 5
58 90 100
52 71 98
15 29 66
73 44 1
23 17 75
22 14 70
91 63 85
65 91 93
79 13 6
70 35 40
59 19 85
69 18 21
41 12 92
79 40 83
32 96 39
34 92 69
56 6 32
21 28 21
4 86 31
38 92 85
55 82 21
8 88 1
41 35 64
39 42 75
39 62 18
5 47 9
72 36 27
23 35 44
34 78 66
85 71 33
48 100 7
23 79 47
94 20 21
23 60 91
17 89 70
47 92 81
85 16 71
46 18 82
92 40 17
70 44 46
0 32 79
73 35 23
40 76 92
97 18 34
34 44 91
27 6 1
52 68 7
0 20 21
83 89 31
78 12 26
7 56 41
73 67 79
84 18 41
23 1 19
98 31 67
12 33 57
70 57 74
75 63 74
64 70 73
33 56 65
38 15 17
44 19 7
58 99 46
13 94 70
3 40 45
5 20 37
71 76 48
86 92 88
57 71 100
63 74 95
93 62 88
98 85 38
28 53 36
5 4 81
38 73 58
20 14 88
52 79 95
67 19 16
11 30 40
46 60 87
0 20 25
8 61 41
90 67 82
98 23 27
56 87 92
75 33 74
99 35 58
49 11 58
61 85 22
91 41 56
50 95 41
16 96 54
2 86 38
33 17 14
87 47 83
86 75 33
70 16 5
44 62 13
91 83 54
52 58 41
31 10 68
51 9 46
77 89 85
47 74 14
53 22 1
75 18 15
47 39 84
74 13 7
67 60 11
46 65 73
20 24 95
24 57 9
19 32 69
95 85 18
71 83 38
61 56 2
33 35 34
30 44 90
12 25 45
99 3 95
91 54 60
75 30 25
19 54 59
53 3 4
59 30 79
49 47 74
84 90 42
98 69 74
50 66 61
68 76 65
7 52 70
53 70 66
44 35 57
60 68 69
35 62 33
72 40 83
61 34 14
70 88 73
34 72 75
33 58 9
5 97 10
43 82 18
66 75 25
90 24 63
87 81 48
74 24 4
50 20 90
7 84 93
10 33 21
33 24 78
96 55 72
90 76 61
29 21 89
9 78 90
55 84 13
61 38 36
83 27 46
98 39 27
12 8 16
28 75 45
64 15 25
96 31 25
69 96 28
30 41 28
37 54 52
23 8 13
96 46 9
92 67 54
57 75 18
16 97 9
34 66 96
90 14 81
17 17 24
97 81 53
88 40 84
7 13 96
66 17 16
97 58 73
15 28 37
15 12 1
45 61 96
7 34 65
36 60 91
21 60 67
4 45 66
21 80 63
91 2 11
4 90 64
33 18 17
0 39 48
1 12 64
73 94 45
30 29 57
2 59 23
44 4 23
67 67 62
65 81 74
12 98 95
47 27 41
13 35 36
52 90 42
43 81 99
65 42 19
19 41 36
56 80 4
46 13 67
29 35 24
4 64 60
7 29 86
2 35 88
16 48 34
49 42 78
84 26 67
28 58 46
17 43 82
70 42 40
22 88 73
61 58 61
87 22 56
57 48 78
55 55 17
86 98 75
48 21 33
52 72 19
12 100 82
25 93 2
3 89 85
100 27 67
47 85 3
31 57 62
84 53 47
83 25 47
90 48 65
51 22 21
65 19 26
75 23 60
62 24 38
72 17 12
49 35 2
57 85 91
17 75 28
91 48 60
46 69 58
30 25 5
88 17 98
62 86 17
57 61 15
50 69 97
89 86 90
57 76 70
58 20 22
60 57 42
70 67 75
31 9 91
24 60 67
0 2 42
13 98 74
38 27 52
54 13 86
56 83 72
31 86 25
25 54 15
53 6 61
77 65 16
32 15 55
5 19 45
52 36 12
91 25 16
99 58 92
73 100 14
81 45 30
71 59 9
12 65 66
50 22 86
80 78 67
81 53 85
91 86 25
25 17 18
69 77 100
25 12 74
38 4 40
13 64 42
13 28 46
92 55 47
25 23 43
61 89 91
36 61 83
15 100 82
27 23 72
69 39 59
17 53 33
69 25 52
35 73 75
0 27 62
46 83 61
65 39 45
55 48 15
42 33 100
52 56 84
51 72 5
56 57 34
78 92 39
72 15 93
46 60 37
45 58 33
100 74 54
62 67 78
28 2 36
0 99 43
95 20 58
87 20 40
81 69 83
27 61 19
56 44 57
18 13 17
50 22 39
47 12 95
59 46 2
47 25 9
41 31 52
68 63 40
42 13 34
36 4 21
61 6 25
30 5 25
20 73 83
65 48 46
49 43 41
11 45 87
9 3 8
98 29 77
37 2 41
30 57 67
6 56 93
39 94 64
67 12 75
79 12 10
14 36 81
31 9 97
28 46 55
100 91 18
54 7 5
100 66 13
80 5 56
59 98 12
48 100 27
45 24 72
82 98 10
41 85 26
54 86 32
38 55 3
1 90 31
2 100 54
25 55 35
45 54 78
67 5 11
12 55 55
77 75 10
31 83 25
14 65 87
80 66 44
8 47 90
22 45 39
68 94 26
40 58 61
41 58 27
2 96 76
93 68 55
45 24 7
44 26 6
43 86 20
23 7 3
92 31 9
12 39 71
93 54 6
93 37 34
56 30 6
85 84 21
25 18 17
73 4 82
20 60 75
24 89 95
76 84 67
90 37 82
19 77 96
47 27 8
86 54 55
73 32 97
4 87 25
84 90 1
1 94 5
100 97 2
85 85 34
54 8 62
20 98 70
2 9 3
64 82 82
38 36 53
51 16 83
30 94 18
0 34 29
4 95 82
27 97 67
92 38 94
84 30 23
0 44 99
60 5 38
59 8 29
49 60 88
56 35 42
56 84 29
76 78 55
79 6 30
4 25 17
25 85 66
32 68 96
4 1 83
96 74 56
63 42 23
27 39 58
74 27 60
26 26 94
51 76 26
57 87 8
57 92 78
48 16 37
89 8 11
8 7 32
97 69 86
14 58 26
66 30 100
81 38 96
48 77 79
29 90 66
79 20 6
5 92 68
5 98 52
50 91 58
28 44 77
75 56 53
13 9 38
