1000 1000
1 2 2
1 3 3
1 4 4
4 5 5
4 6 6
2 7 7
4 8 8
5 9 9
7 10 10
2 11 11
9 12 12
8 13 13
1 14 14
12 15 15
9 16 16
7 17 17
12 18 18
1 19 19
6 20 20
17 21 21
18 22 22
9 23 23
3 24 24
22 25 25
8 26 26
19 27 27
27 28 28
28 29 29
17 30 30
26 31 31
13 32 32
27 33 33
22 34 34
1 35 35
25 36 36
4 37 37
9 38 38
35 39 39
23 40 40
3 41 41
6 42 42
40 43 43
35 44 44
24 45 45
15 46 46
2 47 47
14 48 48
21 49 49
24 50 50
21 51 51
3 52 52
51 53 53
8 54 54
27 55 55
52 56 56
10 57 57
15 58 58
1 59 59
37 60 60
2 61 61
24 62 62
22 63 63
33 64 64
8 65 65
2 66 66
54 67 67
3 68 68
6 69 69
17 70 70
8 71 71
25 72 72
64 73 73
63 74 74
20 75 75
15 76 76
52 77 77
68 78 78
63 79 79
4 80 80
71 81 81
8 82 82
33 83 83
12 84 84
15 85 85
19 86 86
53 87 87
22 88 88
44 89 89
16 90 90
20 91 91
76 92 92
65 93 93
48 94 94
69 95 95
95 96 96
29 97 97
3 98 98
21 99 99
94 100 100
40 101 101
77 102 102
17 103 103
88 104 104
3 105 105
93 106 106
98 107 107
55 108 108
39 109 109
72 110 110
53 111 111
47 112 112
37 113 113
39 114 114
81 115 115
37 116 116
58 117 117
106 118 118
74 119 119
28 120 120
60 121 121
60 122 122
12 123 123
37 124 124
94 125 125
98 126 126
12 127 127
109 128 128
52 129 129
115 130 130
98 131 131
36 132 132
17 133 133
111 134 134
116 135 135
7 136 136
6 137 137
8 138 138
24 139 139
76 140 140
125 141 141
32 142 142
50 143 143
40 144 144
126 145 145
104 146 146
78 147 147
25 148 148
85 149 149
125 150 150
66 151 151
27 152 152
6 153 153
16 154 154
82 155 155
114 156 156
74 157 157
75 158 158
20 159 159
152 160 160
36 161 161
103 162 162
143 163 163
125 164 164
105 165 165
122 166 166
69 167 167
160 168 168
77 169 169
120 170 170
35 171 171
142 172 172
143 173 173
154 174 174
171 175 175
169 176 176
60 177 177
111 178 178
110 179 179
66 180 180
17 181 181
28 182 182
12 183 183
69 184 184
5 185 185
166 186 186
78 187 187
152 188 188
170 189 189
36 190 190
66 191 191
121 192 192
182 193 193
12 194 194
114 195 195
24 196 196
181 197 197
172 198 198
52 199 199
127 200 200
130 201 201
105 202 202
133 203 203
19 204 204
188 205 205
194 206 206
185 207 207
15 208 208
185 209 209
40 210 210
59 211 211
161 212 212
125 213 213
112 214 214
170 215 215
133 216 216
37 217 217
190 218 218
64 219 219
43 220 220
184 221 221
75 222 222
84 223 223
80 224 224
198 225 225
20 226 226
7 227 227
92 228 228
120 229 229
65 230 230
77 231 231
19 232 232
11 233 233
155 234 234
207 235 235
163 236 236
164 237 237
214 238 238
7 239 239
79 240 240
132 241 241
166 242 242
45 243 243
150 244 244
128 245 245
72 246 246
129 247 247
217 248 248
127 249 249
186 250 250
61 251 251
100 252 252
170 253 253
124 254 254
51 255 255
194 256 256
170 257 257
171 258 258
237 259 259
227 260 260
7 261 261
106 262 262
170 263 263
82 264 264
89 265 265
63 266 266
171 267 267
132 268 268
70 269 269
212 270 270
105 271 271
221 272 272
53 273 273
75 274 274
138 275 275
105 276 276
47 277 277
219 278 278
36 279 279
133 280 280
52 281 281
173 282 282
149 283 283
226 284 284
179 285 285
161 286 286
16 287 287
173 288 288
174 289 289
60 290 290
137 291 291
124 292 292
94 293 293
233 294 294
31 295 295
96 296 296
80 297 297
219 298 298
233 299 299
202 300 300
241 301 301
188 302 302
267 303 303
256 304 304
279 305 305
157 306 306
176 307 307
95 308 308
125 309 309
38 310 310
49 311 311
269 312 312
93 313 313
31 314 314
101 315 315
85 316 316
102 317 317
316 318 318
315 319 319
185 320 320
68 321 321
70 322 322
54 323 323
208 324 324
193 325 325
297 326 326
280 327 327
159 328 328
24 329 329
216 330 330
15 331 331
234 332 332
32 333 333
147 334 334
184 335 335
316 336 336
133 337 337
224 338 338
21 339 339
271 340 340
99 341 341
295 342 342
17 343 343
248 344 344
286 345 345
147 346 346
224 347 347
334 348 348
177 349 349
196 350 350
173 351 351
81 352 352
347 353 353
126 354 354
232 355 355
293 356 356
320 357 357
110 358 358
181 359 359
30 360 360
114 361 361
134 362 362
7 363 363
256 364 364
131 365 365
345 366 366
358 367 367
348 368 368
137 369 369
211 370 370
106 371 371
369 372 372
101 373 373
87 374 374
200 375 375
274 376 376
329 377 377
254 378 378
290 379 379
120 380 380
143 381 381
99 382 382
171 383 383
353 384 384
230 385 385
207 386 386
218 387 387
273 388 388
66 389 389
171 390 390
15 391 391
48 392 392
124 393 393
314 394 394
31 395 395
168 396 396
327 397 397
118 398 398
264 399 399
112 400 400
69 401 401
50 402 402
314 403 403
285 404 404
281 405 405
34 406 406
233 407 407
176 408 408
73 409 409
285 410 410
269 411 411
187 412 412
70 413 413
253 414 414
153 415 415
126 416 416
107 417 417
167 418 418
125 419 419
233 420 420
190 421 421
42 422 422
221 423 423
238 424 424
342 425 425
325 426 426
107 427 427
91 428 428
58 429 429
130 430 430
178 431 431
180 432 432
77 433 433
53 434 434
366 435 435
3 436 436
93 437 437
402 438 438
309 439 439
104 440 440
210 441 441
311 442 442
245 443 443
297 444 444
106 445 445
181 446 446
35 447 447
438 448 448
188 449 449
204 450 450
249 451 451
173 452 452
219 453 453
381 454 454
82 455 455
315 456 456
236 457 457
219 458 458
341 459 459
4 460 460
184 461 461
100 462 462
342 463 463
83 464 464
187 465 465
215 466 466
466 467 467
337 468 468
339 469 469
458 470 470
243 471 471
283 472 472
184 473 473
188 474 474
198 475 475
275 476 476
101 477 477
174 478 478
458 479 479
462 480 480
176 481 481
262 482 482
177 483 483
17 484 484
464 485 485
195 486 486
454 487 487
186 488 488
221 489 489
415 490 490
176 491 491
331 492 492
205 493 493
144 494 494
411 495 495
13 496 496
477 497 497
195 498 498
496 499 499
87 500 500
233 501 501
24 502 502
343 503 503
204 504 504
406 505 505
129 506 506
318 507 507
271 508 508
86 509 509
508 510 510
316 511 511
473 512 512
288 513 513
348 514 514
353 515 515
511 516 516
359 517 517
259 518 518
114 519 519
24 520 520
369 521 521
163 522 522
285 523 523
489 524 524
139 525 525
251 526 526
241 527 527
345 528 528
451 529 529
202 530 530
223 531 531
19 532 532
262 533 533
389 534 534
419 535 535
33 536 536
267 537 537
487 538 538
41 539 539
25 540 540
74 541 541
65 542 542
514 543 543
183 544 544
383 545 545
460 546 546
2 547 547
485 548 548
63 549 549
469 550 550
130 551 551
224 552 552
338 553 553
375 554 554
275 555 555
246 556 556
110 557 557
528 558 558
412 559 559
436 560 560
369 561 561
470 562 562
99 563 563
416 564 564
497 565 565
342 566 566
208 567 567
214 568 568
381 569 569
87 570 570
378 571 571
143 572 572
32 573 573
357 574 574
173 575 575
71 576 576
256 577 577
286 578 578
61 579 579
33 580 580
178 581 581
385 582 582
98 583 583
320 584 584
7 585 585
148 586 586
5 587 587
175 588 588
502 589 589
127 590 590
180 591 591
591 592 592
271 593 593
432 594 594
517 595 595
515 596 596
582 597 597
47 598 598
276 599 599
239 600 600
559 601 601
290 602 602
580 603 603
179 604 604
112 605 605
80 606 606
170 607 607
36 608 608
251 609 609
311 610 610
278 611 611
509 612 612
371 613 613
157 614 614
405 615 615
123 616 616
128 617 617
168 618 618
82 619 619
520 620 620
18 621 621
80 622 622
46 623 623
232 624 624
56 625 625
482 626 626
198 627 627
375 628 628
133 629 629
522 630 630
441 631 631
583 632 632
494 633 633
335 634 634
31 635 635
82 636 636
323 637 637
270 638 638
56 639 639
351 640 640
445 641 641
170 642 642
119 643 643
94 644 644
314 645 645
196 646 646
533 647 647
358 648 648
148 649 649
477 650 650
386 651 651
132 652 652
141 653 653
469 654 654
10 655 655
463 656 656
656 657 657
58 658 658
277 659 659
214 660 660
172 661 661
120 662 662
45 663 663
36 664 664
481 665 665
69 666 666
372 667 667
240 668 668
130 669 669
264 670 670
492 671 671
71 672 672
63 673 673
35 674 674
118 675 675
156 676 676
339 677 677
190 678 678
383 679 679
51 680 680
639 681 681
331 682 682
103 683 683
13 684 684
155 685 685
193 686 686
349 687 687
151 688 688
551 689 689
470 690 690
494 691 691
215 692 692
82 693 693
63 694 694
117 695 695
650 696 696
178 697 697
385 698 698
666 699 699
664 700 700
376 701 701
551 702 702
598 703 703
227 704 704
269 705 705
475 706 706
302 707 707
229 708 708
516 709 709
401 710 710
112 711 711
245 712 712
560 713 713
329 714 714
501 715 715
391 716 716
24 717 717
564 718 718
621 719 719
639 720 720
37 721 721
564 722 722
374 723 723
257 724 724
367 725 725
706 726 726
529 727 727
561 728 728
630 729 729
139 730 730
446 731 731
544 732 732
22 733 733
39 734 734
42 735 735
441 736 736
355 737 737
488 738 738
126 739 739
82 740 740
47 741 741
235 742 742
470 743 743
582 744 744
657 745 745
238 746 746
363 747 747
659 748 748
502 749 749
637 750 750
232 751 751
357 752 752
233 753 753
555 754 754
26 755 755
301 756 756
631 757 757
2 758 758
147 759 759
627 760 760
637 761 761
315 762 762
118 763 763
308 764 764
629 765 765
203 766 766
530 767 767
624 768 768
617 769 769
483 770 770
183 771 771
221 772 772
471 773 773
218 774 774
522 775 775
201 776 776
303 777 777
587 778 778
141 779 779
445 780 780
283 781 781
489 782 782
331 783 783
715 784 784
60 785 785
603 786 786
707 787 787
78 788 788
532 789 789
39 790 790
37 791 791
242 792 792
743 793 793
183 794 794
107 795 795
388 796 796
208 797 797
583 798 798
407 799 799
649 800 800
325 801 801
614 802 802
647 803 803
127 804 804
724 805 805
342 806 806
424 807 807
292 808 808
332 809 809
271 810 810
657 811 811
480 812 812
135 813 813
570 814 814
422 815 815
289 816 816
798 817 817
596 818 818
308 819 819
625 820 820
467 821 821
721 822 822
523 823 823
730 824 824
373 825 825
610 826 826
285 827 827
20 828 828
745 829 829
399 830 830
606 831 831
628 832 832
20 833 833
7 834 834
336 835 835
347 836 836
415 837 837
431 838 838
707 839 839
611 840 840
220 841 841
514 842 842
283 843 843
711 844 844
706 845 845
672 846 846
815 847 847
526 848 848
790 849 849
46 850 850
718 851 851
410 852 852
500 853 853
280 854 854
432 855 855
663 856 856
779 857 857
289 858 858
82 859 859
308 860 860
140 861 861
453 862 862
383 863 863
70 864 864
508 865 865
714 866 866
380 867 867
135 868 868
730 869 869
41 870 870
724 871 871
72 872 872
322 873 873
387 874 874
496 875 875
238 876 876
672 877 877
572 878 878
794 879 879
596 880 880
83 881 881
29 882 882
646 883 883
138 884 884
241 885 885
355 886 886
198 887 887
492 888 888
872 889 889
68 890 890
239 891 891
871 892 892
212 893 893
639 894 894
176 895 895
789 896 896
193 897 897
68 898 898
634 899 899
799 900 900
88 901 901
240 902 902
271 903 903
502 904 904
635 905 905
24 906 906
233 907 907
616 908 908
684 909 909
746 910 910
177 911 911
144 912 912
371 913 913
123 914 914
68 915 915
895 916 916
505 917 917
434 918 918
599 919 919
572 920 920
46 921 921
742 922 922
246 923 923
376 924 924
415 925 925
487 926 926
177 927 927
201 928 928
156 929 929
400 930 930
59 931 931
540 932 932
558 933 933
682 934 934
404 935 935
804 936 936
858 937 937
764 938 938
431 939 939
874 940 940
174 941 941
594 942 942
609 943 943
601 944 944
399 945 945
808 946 946
346 947 947
251 948 948
667 949 949
339 950 950
372 951 951
376 952 952
358 953 953
432 954 954
607 955 955
730 956 956
275 957 957
559 958 958
691 959 959
834 960 960
898 961 961
172 962 962
937 963 963
548 964 964
693 965 965
547 966 966
300 967 967
613 968 968
868 969 969
244 970 970
777 971 971
89 972 972
278 973 973
149 974 974
490 975 975
94 976 976
883 977 977
654 978 978
826 979 979
94 980 980
126 981 981
215 982 982
205 983 983
283 984 984
545 985 985
179 986 986
270 987 987
272 988 988
114 989 989
45 990 990
293 991 991
652 992 992
526 993 993
81 994 994
506 995 995
18 996 996
572 997 997
416 998 998
846 999 999
727 1000 1000
