300
98.2313 23.296 25.3086
63.7038 58.4471 56.2557
46.2695 21.3102 94.1718
43.9158 55.8738 33.0115
12.9534 79.8229 48.6258
2.68981 88.9355 89.4016
53.4369 33.9039 2.93448
26.7426 70.4265 57.6757
49.8039 28.3798 86.5085
35.0816 84.5101 95.4791
67.6109 82.7415 18.7751
92.9196 46.4453 77.2222
49.1753 92.7148 98.5325
43.3471 36.6305 54.4062
76.3586 49.5839 34.2292
24.9844 52.2738 23.1647
14.386 5.71068 57.0686
17.3205 32.4532 27.4951
74.9961 82.2571 55.8749
61.5047 17.3387 40.385
56.9838 84.9497 23.1265
75.7589 77.8692 69.5717
52.9811 27.0445 62.2865
51.5135 70.3915 98.917
5.91978 46.7501 48.501
40.1489 71.7345 0.774722
63.3136 86.1205 6.4854
20.3822 3.44094 38.9386
47.8773 78.4371 21.1958
3.75218 39.9418 38.5345
44.1372 96.9255 23.4841
67.2637 72.6844 1.35336
36.8354 25.6655 28.3978
99.1219 77.179 98.7894
98.0389 83.0988 45.5394
46.5399 23.2477 17.2739
47.3146 86.5614 3.39437
53.8 6.94358 6.8353
92.7386 54.8209 85.2724
13.9344 58.5731 25.2141
52.4689 2.71024 22.1396
75.9531 69.9739 94.824
77.3064 6.8093 20.4895
5.70423 5.93119 97.6685
4.49359 3.97011 80.7673
50.033 50.51 4.01505
67.3069 97.8246 90.5764
70.7013 51.6246 97.52
77.5366 44.3632 52.3409
62.809 58.2976 10.9139
88.0231 10.7666 13.6242
10.1628 86.7196 83.5981
4.98681 64.026 90.4074
25.4763 69.7303 96.3386
23.1448 74.2238 0.308672
3.91215 24.2569 50.8187
7.9272 91.5638 48.6433
98.5036 62.2651 0.26786
96.0236 39.8017 44.6311
48.3645 2.61073 2.92875
59.2784 90.6339 13.6953
72.9025 0.796646 0.414909
56.5006 5.78346 64.4409
46.908 31.2598 34.1712
43.2465 54.4046 8.39501
43.5552 58.3168 32.6519
94.3739 66.244 24.2157
43.0171 64.7476 86.4808
43.285 60.7712 26.2826
87.9161 9.13561 28.8933
90.8448 68.414 19.5272
4.54012 41.3165 20.3238
4.95503 97.8171 26.1073
69.396 44.725 57.3671
3.56713 87.9715 11.7717
11.9621 31.5267 70.0884
44.614 25.9006 36.3324
68.8297 68.9177 1.07995
55.3106 12.2027 61.8511
81.5932 0.118732 70.9867
10.4865 90.9636 39.4007
30.0136 95.5037 80.7172
50.3375 0.458704 78.5342
76.4447 69.8547 23.2593
33.8118 73.4218 11.2308
45.5835 85.3839 42.7575
15.6719 29.998 68.6581
52.0043 98.8277 37.5758
53.0842 54.1383 49.7785
14.9353 35.7315 49.8972
85.922 46.2179 40.8608
25.3227 76.2316 36.3644
6.0399 26.569 36.8231
84.5741 3.01377 6.6778
7.83341 36.8256 80.0996
19.0642 82.409 65.4835
61.8218 98.0809 95.4815
30.4799 50.0852 94.3092
68.0557 3.16937 48.4475
17.8342 18.1047 84.179
67.7314 4.02673 30.3969
8.59216 29.3494 6.62848
44.9566 35.3893 33.1975
81.7797 19.9635 36.2113
88.4575 27.7969 73.0368
68.5571 46.8611 55.4459
34.0406 8.68289 53.5268
29.5221 39.1628 3.61191
23.8313 7.2185 6.78127
72.2788 25.0527 24.886
56.4578 92.7841 28.9127
86.8547 1.37625 58.2621
93.4832 46.3328 93.6515
26.6807 28.1126 13.615
62.892 16.5701 41.4119
35.9288 85.1272 88.273
91.3747 19.1678 96.9559
44.9015 48.69 36.1187
48.5134 72.5213 43.3372
55.2946 44.8001 68.3899
80.1806 1.25795 61.174
9.09329 88.1127 62.5502
67.3554 81.5959 8.88305
61.0069 8.27657 36.9956
74.6219 71.1686 53.5657
16.0337 7.09739 38.6929
4.30673 98.4721 57.8608
1.26262 43.3736 6.55072
37.3813 91.8869 79.072
80.7185 47.1816 23.8722
49.1083 27.3622 25.1301
10.2823 36.4555 13.2428
72.8325 3.81089 94.8386
81.7155 64.8178 3.11522
18.7112 39.4397 74.2838
72.2769 55.4734 81.3812
10.9698 59.7802 79.8533
68.8306 61.0428 23.2268
75.3813 98.4241 15.1137
54.4533 79.1425 62.2953
78.3255 28.2509 89.6574
3.45557 38.5331 26.1129
16.6984 11.3656 29.9238
11.537 93.0812 94.7416
14.6522 11.7923 34.1813
88.936 84.0692 89.6547
70.3172 95.039 49.4348
50.1704 63.8695 10.4776
73.3972 39.2508 8.90168
88.511 93.7041 88.0442
50.8062 72.0296 16.2951
40.4637 75.4851 54.8282
66.5766 92.1835 66.1938
96.5004 3.72049 59.275
91.2419 18.3727 71.0673
25.4232 7.30869 55.1365
15.0779 77.6258 50.1755
64.5128 27.7963 14.045
74.9904 1.19349 53.2959
83.8921 89.7044 47
71.9363 40.5107 19.0295
88.2313 80.9743 94.5147
43.0595 47.5509 86.6982
9.25339 44.0513 90.4186
68.5284 35.2932 8.79135
39.5957 60.7165 16.1
94.7322 75.7944 93.7259
44.9078 40.3071 21.5222
58.9528 15.2975 22.7156
12.2486 99.1895 12.4201
59.2486 71.1258 52.9307
78.2781 59.3571 33.9051
72.7928 2.41669 81.456
59.491 11.6701 25.5073
49.9096 80.1985 60.8006
58.701 19.7942 21.517
74.801 14.5265 97.3114
68.5269 59.4342 37.6185
90.0491 18.387 52.916
12.7647 30.6356 52.1055
25.1848 89.8843 23.2313
78.1155 68.1624 82.5885
12.0206 40.9552 85.0051
93.4766 0.446182 96.6752
18.9839 50.3558 76.8737
79.7845 9.05677 96.6679
1.3015 83.8578 11.1944
98.6129 52.3847 70.6286
36.2314 42.4338 89.0156
89.1473 55.1985 19.6512
41.2528 80.3832 9.53545
64.4841 58.4987 77.6978
47.0726 70.5194 18.6531
32.0777 63.996 19.0992
28.753 82.9799 69.455
5.62665 62.7644 78.5118
2.29455 64.0659 62.3696
13.4889 62.6788 14.7543
84.1175 98.9101 57.188
73.133 88.0575 12.3865
92.7842 29.3103 92.7697
2.31969 93.7944 51.2685
80.0175 40.867 21.7878
98.6706 72.9447 85.7838
17.7698 1.69766 68.7637
87.2249 7.32431 31.5281
65.7367 9.61886 95.5941
28.1063 23.1078 58.2728
42.8606 7.22524 57.183
0.0486381 80.3583 45.2404
12.4351 73.1425 74.5507
5.20486 75.4622 68.3451
56.4733 55.4797 9.21208
78.2611 54.1503 82.1568
64.0449 71.9202 83.8544
32.8087 59.145 91.1788
64.3368 24.8817 0.797613
59.9309 52.988 23.9054
18.2037 95.8486 31.1306
75.3867 95.8972 11.4889
20.6271 8.33238 84.6314
95.1778 13.5372 60.0936
63.523 70.0106 15.5733
72.735 48.2717 69.7236
54.8918 12.3167 41.6438
38.7463 45.1253 0.78882
29.925 9.46214 25.6705
30.7226 69.393 78.6586
54.628 87.5967 74.5072
85.7586 62.9834 70.4044
97.2475 83.6106 78.7368
81.8789 78.7884 92.274
41.9725 42.3114 62.2846
57.5459 15.0464 10.5563
27.2695 69.9382 22.8729
68.9133 8.6845 67.9983
69.7021 38.6095 77.4604
95.3727 69.3322 46.8534
74.0312 23.9602 34.4502
48.5384 9.71882 97.4336
18.9428 6.96637 81.0442
97.6795 88.8453 59.8326
89.9535 30.8179 2.14394
52.2381 88.3637 17.1903
62.7944 15.6332 87.1286
85.6674 84.5465 95.8131
53.6656 54.2487 34.4226
31.1261 49.6213 3.75474
77.9795 23.6525 27.7149
12.4297 72.1909 37.4337
9.86326 91.1336 44.4001
90.9074 88.8132 33.2454
50.74 78.7667 64.0633
52.8839 31.0048 52.427
70.0743 93.7992 68.0602
57.2028 79.4666 52.6068
53.0159 33.1322 6.85543
87.4385 64.2583 56.4767
91.1932 42.2378 80.1293
18.9081 54.6675 52.3201
56.3419 64.5307 43.4538
0.741988 55.4381 32.267
33.9874 6.17812 11.0337
98.0507 59.0621 42.0385
50.4777 29.1363 35.8377
18.5379 86.3392 15.3043
71.1447 39.3551 48.4365
78.0001 26.7936 12.6948
34.4769 17.9868 54.9326
14.6061 36.895 9.60008
66.9263 93.2368 74.1308
10.3801 93.9788 29.5689
42.647 27.9662 35.747
53.6807 26.0169 94.8091
95.7192 76.4946 23.9454
31.5569 95.0325 10.2846
46.8612 66.1773 49.6397
95.2977 44.1774 76.4333
7.99257 78.6543 94.4201
62.9252 93.2604 31.315
72.5253 60.1867 24.5519
46.6561 70.5668 18.5307
76.225 13.2138 46.4969
11.972 66.8945 72.5139
6.78112 62.6136 49.0085
30.7266 94.1705 44.041
41.0112 41.0317 10.2183
90.6509 36.3294 54.3957
67.0842 44.322 33.0499
61.5043 7.24718 26.3103
92.8193 79.7725 86.497
17.3712 26.4285 57.0638
35.9019 2.6535 70.2776
82.3989 14.6255 37.1721
54.9127 21.4067 99.7857
3.92118 52.1332 93.9562
47.9622 93.1444 34.9879
58.1804 83.7953 71.3173
12.5761 50.8795 15.6393
45.626 12.3838 22.8865
