3298 1
0 -9 -53
1 -46 -10
2 -63 -79
3 3 -60
4 -8 3
5 24 -52
6 -16 -49
7 -62 -61
8 0 -64
9 -68 56
10 -7 25
11 81 -35
12 29 -22
13 -41 76
14 -60 -64
15 -37 -18
16 -67 17
17 72 -30
18 38 -76
19 -40 -70
20 27 84
21 -72 62
22 85 -34
23 51 -16
24 -48 84
25 91 45
26 8 21
27 60 87
28 100 -81
29 12 -61
30 -95 75
31 21 -62
32 -59 -57
33 -42 79
34 -33 19
35 59 45
36 -48 87
37 -44 88
38 -97 -94
39 -79 -95
40 90 -89
41 51 -53
42 33 -40
43 -67 -18
44 -71 -5
45 -29 -66
46 -31 43
47 -78 -40
48 86 -69
49 -61 -98
50 0 98
51 -3 52
52 35 53
53 39 -12
54 10 61
55 -7 -1
56 22 94
57 -3 -96
58 -46 -20
59 -14 -17
60 76 58
61 -32 95
62 0 -10
63 -45 -65
64 -29 -56
65 88 71
66 92 -15
67 23 26
68 88 -89
69 -87 -3
70 22 -43
71 47 95
72 -50 -57
73 99 4
74 23 -65
75 38 -52
76 43 -95
77 -57 -58
78 -55 -52
79 -73 17
80 -8 -86
81 -13 -17
82 -51 60
83 60 88
84 22 73
85 -66 94
86 80 81
87 88 -70
88 74 37
89 -16 -3
90 72 72
91 -5 -36
92 77 38
93 6 73
94 36 -17
95 -61 -73
96 -53 -24
97 11 -53
98 87 -30
99 -66 -42
100 93 -32
101 -49 73
102 100 90
103 53 73
104 -24 -64
105 -81 98
106 -92 15
107 -39 35
108 -98 17
109 -43 39
110 100 -4
111 66 97
112 73 -74
113 -57 59
114 -54 -23
115 67 -61
116 -4 -83
117 62 -5
118 57 14
119 -33 -68
120 0 -13
121 -71 -42
122 52 -60
123 44 54
124 57 -100
125 -8 56
126 -53 -92
127 53 -81
128 -66 46
129 28 -19
130 -77 -56
131 -30 19
132 -39 82
133 64 69
134 -5 -70
135 -100 45
136 -33 81
137 54 -82
138 -80 -3
139 23 78
140 -53 65
141 -17 -6
142 73 86
143 -37 58
144 32 41
145 89 5
146 85 -92
147 74 97
148 90 37
149 65 -66
150 17 15
151 79 85
152 -5 32
153 53 -34
154 79 -75
155 -57 77
156 91 -24
157 -30 13
158 -38 -16
159 -80 94
160 75 -92
161 -2 60
162 -84 -29
163 6 -95
164 58 -30
165 -61 -26
166 85 69
167 -92 -70
168 -50 12
169 -4 80
170 37 -11
171 56 -23
172 65 76
173 91 -74
174 -41 -90
175 70 -66
176 70 -83
177 44 36
178 -62 -51
179 42 96
180 19 31
181 -30 -47
182 -51 -22
183 -17 -50
184 40 29
185 -71 -23
186 -83 85
187 54 83
188 10 -6
189 59 70
190 -45 29
191 54 -76
192 -4 -53
193 60 35
194 -4 -49
195 30 65
196 33 50
197 68 82
198 79 -49
199 -69 18
200 80 -90
201 45 48
202 45 -1
203 30 -45
204 43 -62
205 75 98
206 67 28
207 -79 -37
208 25 32
209 48 -80
210 83 -23
211 35 -35
212 -73 2
213 -53 -95
214 53 -72
215 -27 -17
216 -61 -82
217 -70 34
218 -33 10
219 89 -91
220 48 63
221 -93 -35
222 -60 79
223 -22 65
224 10 -75
225 35 -57
226 -48 -31
227 8 -21
228 72 5
229 -66 -26
230 -16 8
231 7 -27
232 26 37
233 -94 43
234 97 96
235 52 -5
236 8 9
237 60 49
238 -62 88
239 -37 -2
240 -88 99
241 41 -36
242 -83 100
243 -6 89
244 -46 -22
245 -37 38
246 36 70
247 -90 -89
248 -43 -83
249 54 -97
250 -88 6
251 -2 20
252 65 -93
253 -82 -98
254 95 -68
255 1 -94
256 -70 92
257 -79 -53
258 41 -35
259 87 96
260 43 -51
261 33 -21
262 69 44
263 -60 76
264 61 95
265 80 23
266 -50 -23
267 93 -86
268 -15 -89
269 68 -71
270 -57 -32
271 -64 -77
272 -91 -93
273 -80 51
274 -28 -94
275 46 65
276 -95 -22
277 94 75
278 -79 -66
279 0 32
280 -72 -21
281 -46 -72
282 7 98
283 -58 42
284 59 -91
285 71 -99
286 -73 57
287 75 -63
288 14 95
289 88 86
290 52 33
291 1 57
292 61 -56
293 -19 83
294 -22 82
295 -36 -44
296 -90 19
297 -16 17
298 16 -23
299 -42 -26
300 -64 80
301 -75 -36
302 36 50
303 1 -100
304 -6 -62
305 36 -55
306 21 -64
307 53 -19
308 -19 -67
309 -87 9
310 65 -22
311 16 76
312 47 100
313 -8 -88
314 -74 1
315 -64 -37
316 -70 -39
317 27 16
318 61 78
319 16 -46
320 66 -48
321 -50 -14
322 -62 -98
323 17 19
324 86 31
325 79 51
326 -92 -6
327 -24 55
328 -57 68
329 67 -30
330 33 99
331 -87 -91
332 15 24
333 37 -70
334 28 -48
335 -68 78
336 -12 -29
337 30 -96
338 90 -34
339 35 18
340 -84 -7
341 -89 -58
342 -53 -45
343 60 64
344 -25 79
345 16 58
346 77 -21
347 17 -59
348 -98 -97
349 -28 31
350 -45 4
351 -42 43
352 25 89
353 47 -35
354 -46 -68
355 83 -80
356 25 95
357 -38 23
358 100 -79
359 -14 -26
360 50 53
361 -69 -23
362 -69 -2
363 18 -66
364 1 40
365 15 56
366 95 73
367 -52 19
368 11 45
369 34 15
370 77 17
371 -15 2
372 -39 -3
373 75 -40
374 -31 -40
375 -16 69
376 63 -35
377 -55 95
378 63 14
379 79 -87
380 -97 -7
381 69 48
382 -85 67
383 -83 27
384 11 51
385 92 -12
386 -33 -73
387 40 28
388 24 14
389 38 93
390 24 72
391 12 -13
392 87 57
393 -69 49
394 -80 -91
395 62 75
396 2 -20
397 22 -33
398 -54 39
399 94 58
400 -10 36
401 96 57
402 63 -15
403 -65 -14
404 49 23
405 -71 -78
406 -5 41
407 9 -19
408 -53 -10
409 81 -82
410 -1 -8
411 93 51
412 23 14
413 -82 19
414 -97 62
415 -24 -7
416 -53 -79
417 100 -91
418 6 85
419 -54 -46
420 8 -75
421 -23 -98
422 16 36
423 -67 13
424 77 64
425 31 -25
426 -44 -27
427 77 79
428 38 45
429 -3 41
430 -44 24
431 84 4
432 -5 83
433 -37 52
434 68 9
435 56 -25
436 -16 -68
437 -73 100
438 19 -90
439 -37 -55
440 75 44
441 -30 81
442 -83 -54
443 59 5
444 41 -95
445 -55 98
446 -21 -72
447 1 75
448 61 64
449 -24 -22
450 -77 -69
451 3 7
452 -86 -20
453 -43 33
454 -9 20
455 28 -85
456 -37 98
457 96 -70
458 -56 4
459 35 85
460 -41 30
461 82 39
462 8 -68
463 -37 -31
464 47 39
465 47 70
466 70 -100
467 -74 84
468 -20 -67
469 -34 71
470 53 94
471 86 67
472 42 31
473 47 86
474 -66 -18
475 20 -6
476 62 -48
477 83 -30
478 -66 -55
479 -11 81
480 34 86
481 0 3
482 86 27
483 -63 -34
484 60 -47
485 87 -37
486 98 23
487 80 39
488 -47 26
489 -26 -62
490 58 94
491 32 -30
492 96 14
493 40 -70
494 9 -72
495 -90 -58
496 64 11
497 -5 50
498 88 -18
499 66 -3
500 36 52
501 10 -17
502 -26 -11
503 -79 -22
504 66 -55
505 16 -27
506 -62 98
507 43 85
508 11 -18
509 -86 70
510 -40 75
511 -89 -76
512 -65 -44
513 24 -78
514 39 -11
515 -30 -76
516 91 80
517 7 -85
518 -31 -22
519 -7 85
520 23 59
521 -43 11
522 56 -100
523 -5 -34
524 -68 -41
525 -65 -57
526 -66 97
527 -83 -81
528 -48 41
529 93 41
530 80 -38
531 65 70
532 -59 -79
533 85 -40
534 -1 -73
535 -56 72
536 86 2
537 -17 41
538 -48 28
539 57 -66
540 38 42
541 -23 22
542 38 -6
543 41 41
544 85 33
545 -19 64
546 95 97
547 34 -64
548 -83 -32
549 -4 -33
550 -4 -9
551 89 -19
552 93 -79
553 73 95
554 50 29
555 79 -13
556 -29 -44
557 -92 -92
558 0 -1
559 -1 -15
560 -68 81
561 99 77
562 27 -18
563 -88 44
564 51 -41
565 61 97
566 50 50
567 -73 -8
568 71 100
569 -64 -30
570 29 -86
571 7 100
572 -30 -35
573 58 21
574 65 -43
575 56 47
576 88 54
577 87 36
578 -93 37
579 45 69
580 18 10
581 36 -62
582 10 72
583 9 89
584 86 -85
585 38 -94
586 -19 -5
587 27 96
588 2 -68
589 42 -11
590 86 -36
591 53 72
592 50 61
593 -42 -6
594 -21 -9
595 38 47
596 -99 -27
597 85 -39
598 95 -57
599 -51 81
600 -91 87
601 37 -10
602 -69 -37
603 -65 34
604 -55 77
605 73 -70
606 53 41
607 -64 61
608 85 -35
609 -48 -27
610 -89 -97
611 46 96
612 -36 41
613 90 -37
614 -29 99
615 100 -93
616 -62 -70
617 -80 -27
618 14 -35
619 100 -63
620 -55 90
621 13 48
622 -20 -1
623 -41 -85
624 -12 75
625 -36 -67
626 20 28
627 24 9
628 41 45
629 7 40
630 52 45
631 20 72
632 68 85
633 87 67
634 72 -68
635 7 -66
636 30 87
637 33 89
638 -99 -54
639 -1 -11
640 71 13
641 -27 -60
642 -60 47
643 0 31
644 -8 57
645 -80 -57
646 66 -81
647 -25 52
648 87 -54
649 34 -7
650 -20 -36
651 -71 63
652 -98 82
653 59 2
654 -30 -21
655 -86 -7
656 19 -95
657 -60 69
658 -14 32
659 26 7
660 25 78
661 98 -60
662 97 -28
663 43 33
664 -32 -24
665 76 -2
666 -10 56
667 -90 -7
668 37 69
669 45 -94
670 98 9
671 -50 16
672 -36 -10
673 -65 51
674 72 61
675 -43 -54
676 38 -46
677 -13 -16
678 -24 80
679 68 44
680 -45 -7
681 -59 -4
682 -52 -49
683 39 85
684 70 -17
685 42 67
686 42 92
687 -68 -94
688 -69 -33
689 57 53
690 78 64
691 49 15
692 68 86
693 50 -57
694 65 -33
695 87 71
696 60 78
697 -34 -92
698 79 55
699 43 48
700 -63 -16
701 -36 29
702 -75 -54
703 35 -44
704 -36 -59
705 59 -59
706 55 8
707 7 22
708 -57 -94
709 65 -92
710 -27 51
711 79 83
712 -22 95
713 91 -44
714 49 -16
715 54 36
716 68 68
717 -36 44
718 -86 50
719 50 -72
720 41 9
721 -31 -4
722 67 26
723 -83 -91
724 32 33
725 68 55
726 -17 -4
727 38 12
728 -60 -22
729 68 39
730 62 22
731 -76 -20
732 -11 -61
733 74 -47
734 89 23
735 -19 -21
736 82 1
737 75 -2
738 77 43
739 -42 -41
740 -25 -75
741 64 8
742 -28 1
743 -81 12
744 30 88
745 -99 -59
746 -41 -75
747 -29 -2
748 -36 -56
749 52 -98
750 68 83
751 -18 49
752 -67 -44
753 98 61
754 49 -45
755 -81 -77
756 -20 83
757 -18 2
758 -66 1
759 -86 64
760 -62 -85
761 -96 -3
762 -60 -74
763 46 -45
764 -30 -53
765 -43 -63
766 -71 39
767 37 -87
768 46 -16
769 74 -56
770 39 43
771 -82 -82
772 -25 0
773 21 9
774 -100 -15
775 -78 90
776 -50 78
777 -64 -60
778 -97 82
779 -5 -27
780 -72 3
781 -39 -92
782 92 48
783 72 -13
784 -69 -5
785 32 70
786 -63 50
787 -51 -92
788 72 100
789 -57 44
790 89 -7
791 21 76
792 -16 -26
793 57 79
794 48 36
795 -69 59
796 44 -77
797 -44 -35
798 10 -13
799 60 -59
800 -94 97
801 41 -6
802 -42 90
803 3 80
804 90 -4
805 24 28
806 40 95
807 3 -77
808 -31 -90
809 52 67
810 -4 84
811 25 -61
812 -94 81
813 4 -34
814 -83 -37
815 8 -77
816 -91 -52
817 -33 -83
818 89 20
819 98 28
820 -45 56
821 -35 9
822 79 34
823 -31 30
824 -50 65
825 13 75
826 54 -31
827 5 -93
828 36 -28
829 -55 -71
830 92 13
831 97 80
832 -68 94
833 7 -52
834 -86 13
835 54 -20
836 72 32
837 64 91
838 -88 -86
839 55 -25
840 39 8
841 -5 -56
842 -35 -70
843 16 -15
844 74 12
845 -36 65
846 -76 -40
847 -5 -44
848 -96 -99
849 -45 -82
850 -36 -92
851 -2 86
852 -9 -88
853 76 -47
854 -74 30
855 28 65
856 88 -78
857 59 -48
858 -98 -75
859 37 76
860 37 51
861 -9 61
862 -89 86
863 67 -85
864 37 -79
865 -67 -99
866 81 -18
867 87 -79
868 -6 13
869 -26 20
870 -58 -99
871 -66 81
872 75 94
873 83 27
874 69 -30
875 3 5
876 -80 44
877 -85 -69
878 29 82
879 -54 -35
880 54 -70
881 -84 -16
882 12 54
883 5 -95
884 -34 79
885 -25 -42
886 30 9
887 89 -46
888 -48 72
889 82 -80
890 -59 -66
891 -25 -39
892 78 -10
893 -57 -44
894 -78 -61
895 21 26
896 -31 -12
897 -91 31
898 -59 -36
899 -14 -43
900 93 61
901 -35 -28
902 -80 -46
903 27 -28
904 -75 -42
905 -57 -84
906 -58 18
907 -23 70
908 59 20
909 -75 81
910 10 -4
911 -44 79
912 84 -85
913 -21 46
914 82 -79
915 -43 -53
916 -7 -23
917 1 70
918 -1 -24
919 78 -8
920 -8 -81
921 -90 69
922 89 19
923 -61 64
924 -1 49
925 -40 5
926 -23 94
927 20 37
928 19 49
929 -67 0
930 70 -10
931 47 -88
932 67 98
933 33 -85
934 -27 10
935 8 65
936 -20 -32
937 -16 -32
938 87 -27
939 83 -65
940 72 -58
941 40 -52
942 86 -91
943 36 4
944 58 69
945 -96 -23
946 -42 51
947 -61 75
948 -1 72
949 40 72
950 -68 98
951 -13 12
952 -85 71
953 30 -99
954 -57 12
955 87 -86
956 4 -24
957 -88 -10
958 -65 -2
959 94 93
960 -84 98
961 -81 -76
962 -1 -41
963 99 98
964 81 -11
965 19 -88
966 -14 -95
967 24 -48
968 76 -96
969 -47 69
970 16 91
971 33 -80
972 -84 -4
973 10 -48
974 94 -47
975 95 -90
976 -49 -86
977 -66 0
978 -77 84
979 -3 -97
980 -78 66
981 -84 -42
982 72 -10
983 10 47
984 -6 14
985 -34 61
986 -46 99
987 81 -30
988 -56 -60
989 -28 -62
990 -57 -33
991 99 -6
992 -69 83
993 44 -96
994 16 -60
995 -93 38
996 -94 74
997 97 28
998 -76 8
999 -32 -77
1000 -61 99
1001 -56 -17
1002 89 16
1003 -29 -68
1004 33 -81
1005 26 64
1006 -98 -30
1007 68 -32
1008 -40 26
1009 57 -84
1010 -1 53
1011 44 13
1012 59 69
1013 -79 29
1014 -92 -61
1015 2 98
1016 -62 46
1017 -19 -74
1018 -38 2
1019 -42 95
1020 22 35
1021 9 -26
1022 55 -74
1023 -8 65
1024 2 -52
1025 82 52
1026 51 -25
1027 -36 10
1028 94 -65
1029 -62 53
1030 -25 -10
1031 50 13
1032 -64 81
1033 39 -2
1034 -17 48
1035 -58 55
1036 -18 1
1037 79 -64
1038 28 -30
1039 -100 -71
1040 19 32
1041 81 -31
1042 58 96
1043 29 51
1044 -70 67
1045 -47 -45
1046 -93 -97
1047 68 -57
1048 84 -43
1049 -9 -34
1050 -96 33
1051 71 -64
1052 85 49
1053 -78 12
1054 70 73
1055 -9 -12
1056 5 -78
1057 7 -38
1058 68 -64
1059 63 48
1060 53 -84
1061 -97 60
1062 70 21
1063 -98 53
1064 28 -7
1065 70 -18
1066 77 40
1067 18 11
1068 -61 40
1069 -78 -92
1070 -37 -37
1071 -4 68
1072 -65 53
1073 80 53
1074 89 -8
1075 1 42
1076 -42 -46
1077 -49 -73
1078 75 -46
1079 81 3
1080 -3 0
1081 85 -77
1082 -61 -47
1083 34 -72
1084 43 6
1085 -64 -95
1086 20 32
1087 23 5
1088 -65 2
1089 -42 -77
1090 45 59
1091 15 -98
1092 -88 67
1093 81 37
1094 71 61
1095 90 -83
1096 -90 25
1097 -59 100
1098 78 25
1099 -72 -30
1100 82 -36
1101 47 49
1102 56 82
1103 -99 -87
1104 55 46
1105 22 -30
1106 -2 -16
1107 87 -22
1108 -79 57
1109 89 -90
1110 24 99
1111 35 15
1112 99 -38
1113 33 -79
1114 -10 59
1115 -28 -64
1116 -43 -73
1117 68 -42
1118 92 23
1119 54 13
1120 93 -48
1121 98 29
1122 30 69
1123 -65 -31
1124 79 59
1125 -33 -36
1126 -26 -35
1127 -24 14
1128 -59 -92
1129 -15 -18
1130 17 7
1131 18 25
1132 -16 -64
1133 83 -25
1134 59 -13
1135 39 1
1136 39 -14
1137 -71 -82
1138 -46 -36
1139 -63 -68
1140 -78 5
1141 -54 -4
1142 20 23
1143 60 62
1144 -19 95
1145 -57 49
1146 -49 11
1147 -27 36
1148 47 -95
1149 61 -45
1150 -8 -51
1151 56 81
1152 100 89
1153 -52 -64
1154 72 -79
1155 -9 -83
1156 -33 62
1157 -10 -73
1158 -27 72
1159 72 16
1160 20 -77
1161 48 -31
1162 29 -60
1163 19 -65
1164 -80 -97
1165 -81 70
1166 93 -82
1167 57 64
1168 -61 98
1169 31 6
1170 59 -79
1171 -17 -69
1172 43 -45
1173 -3 -88
1174 -72 -76
1175 55 37
1176 -2 2
1177 56 77
1178 -8 -76
1179 -89 -37
1180 -72 82
1181 -68 -80
1182 50 39
1183 34 39
1184 37 -36
1185 -56 -55
1186 -65 -22
1187 -23 28
1188 -17 74
1189 40 -39
1190 48 -56
1191 98 96
1192 -3 3
1193 73 89
1194 28 34
1195 -49 6
1196 -35 -66
1197 -24 -86
1198 23 60
1199 53 -41
1200 74 48
1201 -45 -91
1202 -75 32
1203 37 -42
1204 -45 -73
1205 19 -97
1206 -29 -34
1207 99 68
1208 69 21
1209 7 -54
1210 -95 58
1211 2 -30
1212 42 78
1213 -15 -35
1214 -13 -63
1215 -26 -39
1216 85 29
1217 -30 60
1218 -90 57
1219 68 -84
1220 84 -14
1221 -81 -95
1222 52 68
1223 73 -29
1224 -61 -21
1225 17 -56
1226 88 -81
1227 14 -21
1228 44 -66
1229 -5 21
1230 -3 15
1231 -69 -42
1232 -79 99
1233 -26 56
1234 -15 -57
1235 61 87
1236 61 -17
1237 -43 100
1238 13 25
1239 94 0
1240 44 -42
1241 79 -60
1242 -94 -27
1243 -26 43
1244 -59 19
1245 -86 -12
1246 -67 -55
1247 94 70
1248 -90 -72
1249 -88 21
1250 -85 74
1251 -97 -78
1252 73 16
1253 47 17
1254 66 -60
1255 75 45
1256 -19 81
1257 -26 -92
1258 -76 -12
1259 -54 -43
1260 -17 93
1261 -38 -74
1262 62 -78
1263 -45 25
1264 43 -80
1265 -2 -3
1266 -58 -80
1267 -88 40
1268 37 79
1269 80 11
1270 -27 -40
1271 -58 -60
1272 66 16
1273 99 90
1274 54 -56
1275 97 87
1276 -64 -91
1277 -88 49
1278 82 -33
1279 -27 25
1280 -63 21
1281 -79 -70
1282 -9 84
1283 70 -72
1284 12 49
1285 -11 85
1286 60 -19
1287 -76 -25
1288 47 -78
1289 -86 -50
1290 -83 61
1291 -64 -97
1292 70 100
1293 52 52
1294 -84 75
1295 -74 -46
1296 -16 37
1297 81 -97
1298 15 -7
1299 2 54
1300 -73 -89
1301 86 -98
1302 75 -50
1303 33 92
1304 -89 69
1305 96 31
1306 68 47
1307 -18 35
1308 -28 -42
1309 89 17
1310 -45 -78
1311 -97 87
1312 -75 18
1313 -78 -44
1314 -11 -93
1315 -42 75
1316 39 -67
1317 -75 -29
1318 -76 87
1319 91 -81
1320 17 8
1321 17 50
1322 -58 39
1323 -93 81
1324 -45 -87
1325 -98 -91
1326 50 78
1327 27 79
1328 -45 49
1329 -66 44
1330 56 -57
1331 -32 -55
1332 -74 -57
1333 -34 -50
1334 -71 -94
1335 -80 47
1336 -35 -13
1337 -54 7
1338 -75 -47
1339 -84 91
1340 -61 66
1341 19 17
1342 44 74
1343 -35 29
1344 -33 72
1345 22 -15
1346 67 48
1347 -21 83
1348 48 8
1349 90 68
1350 -96 -46
1351 -46 -50
1352 11 -71
1353 -46 49
1354 -40 -30
1355 -10 -1
1356 -64 -92
1357 66 30
1358 32 82
1359 -42 49
1360 53 80
1361 -67 -31
1362 27 12
1363 -49 -75
1364 71 91
1365 93 25
1366 -56 98
1367 76 6
1368 -74 80
1369 -96 -64
1370 -51 -6
1371 -14 -15
1372 -48 -49
1373 -85 84
1374 -68 -77
1375 32 35
1376 54 16
1377 78 -95
1378 -45 -2
1379 46 -52
1380 -77 41
1381 96 49
1382 -54 72
1383 28 -100
1384 -92 27
1385 -55 -6
1386 63 -3
1387 -5 28
1388 -69 -22
1389 51 13
1390 -88 4
1391 -72 67
1392 35 57
1393 22 40
1394 -96 -33
1395 38 78
1396 -93 33
1397 26 -97
1398 5 -97
1399 -96 -37
1400 31 -51
1401 7 -7
1402 46 -99
1403 -80 77
1404 -21 21
1405 -60 -58
1406 76 -32
1407 59 -40
1408 75 -20
1409 100 80
1410 47 38
1411 57 5
1412 -30 -67
1413 8 25
1414 87 -38
1415 38 17
1416 -39 -56
1417 60 -93
1418 97 30
1419 34 -75
1420 -49 74
1421 -33 77
1422 93 -75
1423 -64 17
1424 -54 53
1425 73 -97
1426 -43 94
1427 87 15
1428 -32 73
1429 28 -94
1430 -60 89
1431 -100 100
1432 46 97
1433 -20 -70
1434 73 -19
1435 54 -61
1436 -43 -4
1437 -85 -7
1438 -87 -80
1439 -22 -41
1440 73 -49
1441 -88 80
1442 95 49
1443 -55 -88
1444 -82 62
1445 11 -81
1446 11 -43
1447 66 41
1448 -13 38
1449 -79 91
1450 28 -72
1451 -13 -7
1452 21 0
1453 13 50
1454 9 -64
1455 51 22
1456 -85 45
1457 -30 -90
1458 57 42
1459 33 26
1460 -47 -56
1461 -5 15
1462 -49 -40
1463 -45 -12
1464 49 -73
1465 -22 -24
1466 -45 65
1467 69 27
1468 -36 -69
1469 -24 24
1470 -33 -74
1471 -55 -67
1472 21 -35
1473 -57 -73
1474 58 77
1475 53 -90
1476 71 -53
1477 25 -79
1478 -42 81
1479 9 -94
1480 58 87
1481 -18 -88
1482 52 -100
1483 -11 66
1484 -69 65
1485 -11 -51
1486 41 -16
1487 -18 -39
1488 0 -25
1489 -11 -43
1490 -49 -59
1491 -61 43
1492 93 -3
1493 -27 -49
1494 3 -70
1495 89 35
1496 93 40
1497 35 -18
1498 -45 16
1499 -54 -5
1500 65 88
1501 29 97
1502 99 -72
1503 -28 -13
1504 -15 -27
1505 -21 3
1506 -55 -32
1507 96 88
1508 65 -32
1509 -61 -83
1510 -52 -73
1511 17 -64
1512 22 22
1513 52 19
1514 67 -33
1515 -44 -4
1516 -37 -46
1517 24 35
1518 -8 60
1519 -92 21
1520 -88 -97
1521 89 -93
1522 91 3
1523 -75 80
1524 20 -27
1525 57 -79
1526 13 -77
1527 -43 86
1528 -4 59
1529 4 -38
1530 -75 60
1531 58 -11
1532 64 -68
1533 -77 -45
1534 92 82
1535 26 54
1536 85 14
1537 61 26
1538 67 36
1539 -45 -64
1540 -92 -88
1541 -43 -29
1542 -44 -19
1543 -77 10
1544 44 99
1545 -81 -49
1546 -13 84
1547 -17 -39
1548 89 -76
1549 -58 15
1550 78 78
1551 79 -12
1552 -47 46
1553 -77 8
1554 82 -69
1555 -30 90
1556 -47 -44
1557 -97 -41
1558 -13 -74
1559 70 81
1560 76 89
1561 -68 -38
1562 22 -35
1563 23 11
1564 -10 16
1565 76 -83
1566 -57 54
1567 6 -4
1568 -51 29
1569 11 -76
1570 71 64
1571 -20 74
1572 73 67
1573 51 42
1574 -2 26
1575 -19 30
1576 38 53
1577 45 -89
1578 -37 -66
1579 27 89
1580 -98 20
1581 -7 8
1582 -85 42
1583 87 69
1584 23 -53
1585 93 -7
1586 61 -78
1587 -83 34
1588 40 18
1589 -75 -63
1590 -57 6
1591 17 81
1592 -41 -39
1593 42 -28
1594 -54 -82
1595 -39 -52
1596 38 4
1597 56 53
1598 -55 -8
1599 -28 69
1600 40 -86
1601 -89 0
1602 -63 79
1603 -67 27
1604 -4 -41
1605 64 -11
1606 15 -20
1607 -80 24
1608 41 62
1609 81 -93
1610 85 18
1611 11 -10
1612 -79 6
1613 83 -57
1614 -76 22
1615 -43 -64
1616 72 -6
1617 65 56
1618 71 -39
1619 65 34
1620 0 -21
1621 64 20
1622 -97 5
1623 -18 50
1624 -59 -88
1625 7 -74
1626 30 -83
1627 16 1
1628 -27 -52
1629 44 -2
1630 20 -99
1631 -16 -8
1632 -53 -84
1633 -41 -89
1634 0 60
1635 -60 -36
1636 -71 94
1637 19 -39
1638 43 60
1639 -27 -51
1640 36 54
1641 -84 -98
1642 -46 -60
1643 -100 49
1644 38 21
1645 0 -79
1646 -88 45
1647 -81 -91
1648 11 -21
1649 71 -89
1650 89 61
1651 -75 -83
1652 55 44
1653 -21 -53
1654 -47 2
1655 -53 40
1656 -45 -37
1657 42 -40
1658 3 -8
1659 -92 91
1660 -88 8
1661 -89 75
1662 -98 -69
1663 34 -36
1664 -40 -46
1665 -75 -52
1666 -85 -50
1667 -85 20
1668 94 -6
1669 67 -54
1670 47 -87
1671 36 -99
1672 -73 -73
1673 -89 -20
1674 20 -81
1675 -29 32
1676 -23 -68
1677 -43 -70
1678 -87 91
1679 -56 -27
1680 -55 -31
1681 -29 -90
1682 19 -13
1683 30 -38
1684 31 -4
1685 -42 -23
1686 -40 95
1687 -71 -63
1688 -79 -60
1689 17 41
1690 -90 38
1691 -77 -63
1692 21 -20
1693 -30 -39
1694 58 -35
1695 30 79
1696 -25 99
1697 -85 -96
1698 -90 47
1699 -49 -31
1700 74 -39
1701 -87 53
1702 -2 85
1703 94 -86
1704 -24 54
1705 3 -1
1706 91 -77
1707 79 -92
1708 7 99
1709 -31 -36
1710 -57 -11
1711 -2 -42
1712 -56 9
1713 55 -55
1714 28 -21
1715 6 41
1716 -69 54
1717 -25 -76
1718 18 51
1719 78 -80
1720 -51 19
1721 -57 78
1722 27 1
1723 27 46
1724 65 41
1725 -55 58
1726 80 44
1727 67 -77
1728 -48 -29
1729 -82 30
1730 50 -26
1731 -30 82
1732 -73 -5
1733 56 46
1734 -54 -16
1735 66 -5
1736 -98 60
1737 -77 -21
1738 -40 0
1739 75 75
1740 -60 -80
1741 14 -51
1742 94 66
1743 20 62
1744 -55 -30
1745 -64 -35
1746 -99 -37
1747 60 57
1748 59 -95
1749 91 25
1750 -49 43
1751 -79 -56
1752 74 47
1753 -82 64
1754 67 1
1755 33 -70
1756 50 -24
1757 96 -80
1758 -62 91
1759 -60 -26
1760 -45 -59
1761 -13 -86
1762 48 -54
1763 -80 39
1764 21 -29
1765 -69 55
1766 -5 -97
1767 99 -82
1768 50 67
1769 82 -34
1770 -32 -36
1771 41 -59
1772 88 79
1773 -69 -73
1774 -98 -14
1775 -32 -61
1776 0 67
1777 -15 -30
1778 -45 -95
1779 -9 -14
1780 10 86
1781 -11 -42
1782 54 -62
1783 -75 -15
1784 -46 -7
1785 -40 -60
1786 91 -52
1787 69 72
1788 -75 21
1789 -43 -6
1790 60 8
1791 -90 -55
1792 28 -35
1793 -100 -81
1794 51 -39
1795 55 91
1796 19 9
1797 79 44
1798 44 -67
1799 -64 -57
1800 33 -53
1801 -17 -26
1802 -55 -49
1803 22 -47
1804 14 -18
1805 61 24
1806 -23 -62
1807 39 -73
1808 -43 -10
1809 -12 -88
1810 -70 -93
1811 -29 -92
1812 51 -86
1813 92 38
1814 -92 25
1815 35 -9
1816 99 80
1817 -7 -57
1818 100 -86
1819 -54 14
1820 -54 57
1821 -63 23
1822 96 77
1823 51 -48
1824 -84 89
1825 -86 97
1826 96 -65
1827 -100 97
1828 21 19
1829 -1 -31
1830 -52 42
1831 12 -53
1832 7 59
1833 61 53
1834 15 49
1835 -24 -40
1836 -25 77
1837 13 -59
1838 65 -23
1839 -63 61
1840 13 92
1841 -93 13
1842 38 92
1843 21 -42
1844 -40 70
1845 27 8
1846 12 90
1847 5 -82
1848 -2 -84
1849 71 63
1850 15 97
1851 -77 40
1852 73 -14
1853 31 -12
1854 63 18
1855 99 -25
1856 9 -95
1857 38 -53
1858 47 -42
1859 -45 -94
1860 -72 33
1861 -36 40
1862 -28 19
1863 8 20
1864 35 -22
1865 -18 100
1866 -75 -45
1867 39 48
1868 41 -31
1869 -65 -46
1870 37 -67
1871 29 -54
1872 -62 -33
1873 -57 35
1874 -25 -52
1875 -9 3
1876 31 5
1877 93 -98
1878 -76 0
1879 -28 9
1880 29 55
1881 9 4
1882 60 -53
1883 -49 1
1884 -33 -13
1885 55 -97
1886 20 -67
1887 100 9
1888 -50 93
1889 -57 26
1890 -59 -15
1891 79 72
1892 90 72
1893 25 -87
1894 -79 97
1895 23 0
1896 1 82
1897 -97 -39
1898 -72 -45
1899 12 -55
1900 -8 -34
1901 100 -89
1902 -51 99
1903 -30 0
1904 92 -36
1905 76 83
1906 49 54
1907 4 38
1908 2 -53
1909 76 75
1910 47 -74
1911 56 1
1912 -13 34
1913 56 49
1914 30 98
1915 -86 29
1916 -92 -86
1917 27 -71
1918 14 -32
1919 -7 -61
1920 -50 -59
1921 93 5
1922 29 -32
1923 -17 81
1924 15 -92
1925 55 -89
1926 -65 -40
1927 12 -28
1928 95 -83
1929 -79 24
1930 -86 86
1931 -48 74
1932 100 29
1933 -98 -37
1934 48 -5
1935 2 48
1936 -14 -55
1937 -48 65
1938 -37 36
1939 46 28
1940 44 -50
1941 39 79
1942 11 -99
1943 -99 -45
1944 69 -78
1945 29 34
1946 -93 31
1947 7 58
1948 -41 -41
1949 -80 57
1950 4 -27
1951 5 40
1952 18 57
1953 4 81
1954 -58 -51
1955 8 87
1956 -50 97
1957 15 61
1958 48 16
1959 66 17
1960 -12 -6
1961 -50 -54
1962 -76 7
1963 -97 -67
1964 16 74
1965 97 -55
1966 59 14
1967 -99 -38
1968 -56 -56
1969 81 -38
1970 -51 -55
1971 73 97
1972 12 38
1973 -37 100
1974 -69 13
1975 96 -95
1976 70 49
1977 -62 -15
1978 23 79
1979 -46 -31
1980 -77 -88
1981 84 76
1982 -75 78
1983 70 -63
1984 -20 0
1985 45 -79
1986 -25 -44
1987 59 39
1988 -94 40
1989 -99 52
1990 45 72
1991 1 33
1992 -38 -89
1993 -58 -65
1994 -77 76
1995 61 99
1996 86 84
1997 80 -66
1998 12 -25
1999 -45 37
2000 -25 -13
2001 3 -23
2002 90 98
2003 99 -10
2004 -19 55
2005 -87 43
2006 66 -45
2007 28 40
2008 -69 -11
2009 -12 35
2010 69 -26
2011 18 49
2012 -42 80
2013 74 -36
2014 -73 42
2015 -8 31
2016 -82 -19
2017 -22 67
2018 21 59
2019 21 34
2020 -49 -63
2021 89 80
2022 77 70
2023 4 87
2024 -12 -79
2025 -15 47
2026 -100 -42
2027 -90 -33
2028 13 88
2029 -92 55
2030 18 77
2031 -65 47
2032 43 56
2033 5 -87
2034 -11 57
2035 -50 -73
2036 -14 77
2037 98 54
2038 -59 -49
2039 -10 -21
2040 -75 -77
2041 -67 86
2042 -60 -4
2043 74 -52
2044 -76 -65
2045 88 17
2046 91 -57
2047 31 -71
2048 50 31
2049 -93 -65
2050 8 55
2051 39 -1
2052 -95 -72
2053 78 -72
2054 -97 54
2055 -98 88
2056 39 -58
2057 -17 -38
2058 -59 -16
2059 4 -85
2060 19 -59
2061 -16 -87
2062 -61 -67
2063 44 97
2064 -32 -99
2065 51 -94
2066 0 7
2067 -15 89
2068 -69 -63
2069 76 20
2070 -70 -91
2071 83 -29
2072 -57 -14
2073 -14 12
2074 27 69
2075 72 -89
2076 82 62
2077 95 26
2078 58 -37
2079 27 -41
2080 -81 78
2081 66 -96
2082 -45 -50
2083 94 -64
2084 -62 69
2085 56 -32
2086 28 38
2087 39 71
2088 74 75
2089 -17 1
2090 -38 -25
2091 66 -94
2092 -100 -26
2093 -81 -22
2094 33 -61
2095 -95 -52
2096 -57 -90
2097 -2 -64
2098 -54 -14
2099 56 52
2100 54 -67
2101 -10 -58
2102 55 -87
2103 -83 88
2104 -36 11
2105 92 26
2106 86 8
2107 -17 37
2108 32 2
2109 65 -36
2110 41 70
2111 12 35
2112 80 60
2113 21 -75
2114 -54 -74
2115 77 100
2116 -90 -84
2117 -58 65
2118 52 -6
2119 20 -7
2120 71 5
2121 -100 -47
2122 92 32
2123 5 56
2124 25 -93
2125 31 4
2126 68 -49
2127 -21 64
2128 -72 -94
2129 13 -62
2130 73 5
2131 -98 -98
2132 14 4
2133 -53 84
2134 97 68
2135 -61 48
2136 71 -70
2137 -71 -25
2138 87 76
2139 -29 11
2140 83 52
2141 66 0
2142 -37 82
2143 -50 77
2144 70 74
2145 -19 72
2146 76 46
2147 -75 73
2148 29 -79
2149 -10 68
2150 19 -40
2151 99 49
2152 -14 85
2153 24 57
2154 -55 -44
2155 57 -88
2156 -95 70
2157 94 -95
2158 -4 63
2159 79 78
2160 -16 5
2161 -27 9
2162 -23 52
2163 -20 18
2164 20 100
2165 78 -32
2166 -2 -87
2167 -98 -79
2168 21 -53
2169 -73 80
2170 -92 34
2171 92 -87
2172 4 35
2173 -82 100
2174 -53 98
2175 27 -19
2176 2 100
2177 52 70
2178 -54 -79
2179 69 75
2180 -61 -84
2181 88 -59
2182 88 -42
2183 -63 97
2184 49 79
2185 -91 -48
2186 13 79
2187 -98 10
2188 76 29
2189 91 -73
2190 29 30
2191 6 -70
2192 0 53
2193 -99 -82
2194 -23 -60
2195 -65 -86
2196 -69 -78
2197 -27 -81
2198 88 10
2199 -84 37
2200 -61 -75
2201 39 52
2202 54 41
2203 -38 29
2204 -30 -98
2205 6 49
2206 -17 -88
2207 29 83
2208 15 30
2209 51 92
2210 20 86
2211 56 51
2212 59 -72
2213 70 46
2214 -11 36
2215 -68 28
2216 12 72
2217 -71 -35
2218 -38 -59
2219 45 32
2220 -56 -50
2221 -70 27
2222 -88 59
2223 -41 27
2224 -12 -91
2225 -32 58
2226 46 -76
2227 8 -46
2228 -48 -72
2229 50 -9
2230 64 83
2231 69 -75
2232 4 99
2233 -9 66
2234 -61 86
2235 -52 -67
2236 10 -52
2237 -63 69
2238 75 -25
2239 29 94
2240 -67 -26
2241 -83 -9
2242 28 -81
2243 -31 -73
2244 11 84
2245 -91 -71
2246 -92 13
2247 -73 -51
2248 -71 -83
2249 -66 -23
2250 -50 -30
2251 5 11
2252 -32 -8
2253 -21 93
2254 68 -93
2255 86 51
2256 -69 -98
2257 -59 9
2258 -78 11
2259 37 -17
2260 -56 46
2261 12 -48
2262 -91 -10
2263 2 89
2264 -43 36
2265 -35 7
2266 56 20
2267 -83 -77
2268 -88 -53
2269 67 80
2270 -96 52
2271 -20 -64
2272 5 -29
2273 45 -23
2274 32 -19
2275 60 76
2276 78 -79
2277 -72 37
2278 -39 -20
2279 -25 18
2280 -85 -10
2281 76 22
2282 -91 43
2283 90 -39
2284 51 95
2285 -87 -70
2286 -70 18
2287 2 25
2288 95 -67
2289 57 4
2290 60 -16
2291 -25 88
2292 -80 37
2293 -33 -5
2294 85 -71
2295 54 44
2296 23 -51
2297 66 12
2298 10 16
2299 -3 -64
2300 91 99
2301 62 35
2302 82 -32
2303 -62 -9
2304 52 14
2305 -22 22
2306 -100 -5
2307 67 -46
2308 -22 1
2309 -66 82
2310 -56 57
2311 -82 -9
2312 -24 -25
2313 64 73
2314 11 5
2315 21 -78
2316 -61 -48
2317 -10 -72
2318 44 -59
2319 42 72
2320 63 42
2321 -33 29
2322 46 -5
2323 -71 30
2324 -24 -26
2325 -67 5
2326 48 9
2327 30 -39
2328 -19 91
2329 16 -99
2330 -87 56
2331 -46 -47
2332 84 48
2333 -5 -25
2334 19 -93
2335 -13 -38
2336 -70 -34
2337 93 -43
2338 14 24
2339 -17 -89
2340 -68 -88
2341 -78 -36
2342 -97 39
2343 -6 -81
2344 -81 -73
2345 67 -36
2346 -48 -64
2347 -78 69
2348 72 9
2349 -70 53
2350 75 73
2351 -91 -35
2352 39 -66
2353 -16 21
2354 -53 6
2355 85 -100
2356 -56 51
2357 17 -12
2358 20 36
2359 51 17
2360 -27 73
2361 -65 -56
2362 -19 -84
2363 97 -95
2364 89 56
2365 -30 40
2366 -72 -92
2367 75 -38
2368 -20 72
2369 19 -36
2370 22 63
2371 65 -62
2372 -99 -15
2373 74 -34
2374 22 -26
2375 34 95
2376 -54 69
2377 -62 27
2378 85 86
2379 33 24
2380 -9 53
2381 -87 -30
2382 32 92
2383 9 -50
2384 -95 -70
2385 64 71
2386 -82 65
2387 -95 93
2388 -34 64
2389 21 -37
2390 -17 9
2391 -6 -28
2392 -9 36
2393 76 5
2394 -95 -63
2395 93 37
2396 -72 2
2397 38 84
2398 4 1
2399 -57 -55
2400 -65 -41
2401 60 56
2402 22 -58
2403 -35 -38
2404 -91 9
2405 -16 1
2406 -56 -91
2407 -95 -51
2408 -54 48
2409 37 -76
2410 100 -26
2411 -92 -18
2412 75 12
2413 -79 26
2414 -66 -44
2415 35 94
2416 63 -43
2417 86 -73
2418 -31 96
2419 -14 3
2420 -4 31
2421 13 -49
2422 30 59
2423 99 -34
2424 34 99
2425 40 42
2426 -70 14
2427 -47 13
2428 3 -76
2429 -62 38
2430 -69 23
2431 -19 94
2432 30 -33
2433 71 99
2434 -38 -44
2435 2 8
2436 87 65
2437 59 -33
2438 -27 7
2439 33 -94
2440 -45 -27
2441 48 -15
2442 37 52
2443 48 -60
2444 26 36
2445 28 57
2446 -41 -92
2447 50 89
2448 -25 20
2449 88 -13
2450 27 -61
2451 95 -37
2452 54 3
2453 30 -74
2454 61 -37
2455 36 -19
2456 -49 -78
2457 -68 49
2458 -38 9
2459 -15 40
2460 -35 44
2461 -1 66
2462 32 74
2463 -89 62
2464 -42 56
2465 -75 62
2466 -91 55
2467 39 70
2468 68 22
2469 35 -47
2470 -98 36
2471 -24 86
2472 -15 -12
2473 -6 70
2474 -72 9
2475 -37 27
2476 -26 45
2477 -50 10
2478 65 -89
2479 -79 73
2480 18 -54
2481 35 27
2482 52 -27
2483 -54 19
2484 45 31
2485 23 47
2486 -33 99
2487 -14 26
2488 -79 -36
2489 -65 -66
2490 79 42
2491 69 43
2492 -34 -30
2493 37 -100
2494 47 -12
2495 -77 93
2496 58 68
2497 24 -20
2498 -72 47
2499 93 -36
2500 -78 -87
2501 29 -43
2502 -53 -81
2503 17 76
2504 61 -65
2505 76 35
2506 -16 13
2507 35 -69
2508 51 8
2509 74 8
2510 -75 -53
2511 38 -11
2512 88 66
2513 86 80
2514 81 -92
2515 43 9
2516 -85 90
2517 -22 32
2518 16 -61
2519 -47 -7
2520 19 37
2521 -95 -97
2522 68 57
2523 11 -8
2524 -86 -14
2525 39 53
2526 75 27
2527 -32 11
2528 -44 -52
2529 -31 100
2530 7 -16
2531 39 86
2532 67 -96
2533 75 -16
2534 89 -73
2535 77 7
2536 14 83
2537 -40 -68
2538 -11 21
2539 24 3
2540 -94 -38
2541 -95 82
2542 -58 96
2543 45 30
2544 -35 11
2545 -62 90
2546 95 -74
2547 -84 72
2548 -16 30
2549 62 93
2550 -35 -15
2551 -5 -29
2552 -2 -49
2553 -98 -64
2554 -25 -56
2555 -69 -3
2556 55 76
2557 77 0
2558 -91 92
2559 -90 -53
2560 81 -95
2561 -77 47
2562 27 7
2563 -73 -70
2564 -49 39
2565 -78 16
2566 75 17
2567 87 -28
2568 18 90
2569 8 93
2570 84 -10
2571 -60 39
2572 -35 67
2573 9 49
2574 -79 -61
2575 4 -55
2576 87 -70
2577 52 64
2578 -40 53
2579 2 -18
2580 50 -95
2581 -2 -33
2582 -90 -22
2583 -4 -100
2584 -84 11
2585 17 55
2586 36 -75
2587 4 7
2588 -85 58
2589 52 -99
2590 65 99
2591 -94 -84
2592 -19 -75
2593 -7 81
2594 81 91
2595 98 -25
2596 47 58
2597 53 93
2598 58 20
2599 4 -75
2600 -76 90
2601 -100 -22
2602 -54 -85
2603 -64 49
2604 67 -76
2605 -98 31
2606 -78 59
2607 -2 -47
2608 34 91
2609 84 -36
2610 31 82
2611 39 -72
2612 62 -26
2613 -28 36
2614 -87 -78
2615 -86 -90
2616 -62 -50
2617 59 55
2618 -76 61
2619 -14 97
2620 -31 84
2621 -50 -97
2622 24 -67
2623 -83 -96
2624 65 57
2625 83 4
2626 99 54
2627 1 10
2628 78 73
2629 -55 42
2630 45 -41
2631 -41 10
2632 -12 -17
2633 -20 -61
2634 -43 -20
2635 93 81
2636 -37 -90
2637 35 -72
2638 67 18
2639 -18 15
2640 -79 83
2641 75 99
2642 5 70
2643 40 100
2644 -71 -9
2645 33 -62
2646 51 -80
2647 22 21
2648 44 52
2649 61 -100
2650 82 53
2651 31 95
2652 63 -85
2653 73 -21
2654 -17 -96
2655 94 4
2656 87 18
2657 3 -59
2658 -12 93
2659 -59 -33
2660 -66 24
2661 5 35
2662 44 77
2663 -44 -63
2664 -22 -84
2665 -63 -91
2666 69 18
2667 -96 -18
2668 33 77
2669 61 -84
2670 82 5
2671 -30 18
2672 -78 23
2673 10 -40
2674 27 0
2675 -76 -68
2676 -66 68
2677 59 -10
2678 55 -63
2679 -44 42
2680 97 76
2681 -41 -100
2682 -43 42
2683 28 68
2684 -28 79
2685 77 -55
2686 -49 -14
2687 5 67
2688 87 -68
2689 -84 -90
2690 -86 -49
2691 28 23
2692 41 -68
2693 10 98
2694 74 7
2695 73 83
2696 7 80
2697 25 -66
2698 47 83
2699 -7 70
2700 11 -30
2701 -86 63
2702 6 19
2703 -21 -7
2704 1 -4
2705 -47 15
2706 47 32
2707 89 -63
2708 64 -2
2709 85 38
2710 -96 7
2711 20 12
2712 -14 95
2713 78 90
2714 53 -12
2715 -91 67
2716 -50 15
2717 -65 30
2718 -75 -89
2719 -99 22
2720 43 90
2721 59 -44
2722 -12 44
2723 94 -8
2724 -50 -36
2725 54 -13
2726 -92 -100
2727 -30 86
2728 90 -78
2729 -76 49
2730 39 -76
2731 -37 74
2732 4 -79
2733 10 -21
2734 -100 25
2735 -49 10
2736 -47 25
2737 32 -47
2738 39 -65
2739 40 47
2740 -65 60
2741 -17 75
2742 82 7
2743 23 20
2744 -19 37
2745 -6 86
2746 58 54
2747 66 -85
2748 -86 -83
2749 -44 28
2750 -31 38
2751 81 58
2752 74 -29
2753 5 59
2754 -70 38
2755 34 63
2756 95 -94
2757 -18 -25
2758 43 26
2759 -40 -50
2760 -70 -25
2761 90 96
2762 -60 -97
2763 63 65
2764 49 -81
2765 -58 68
2766 57 73
2767 26 -20
2768 -57 81
2769 -61 -76
2770 18 73
2771 87 12
2772 29 -82
2773 37 -28
2774 45 98
2775 22 75
2776 -78 -38
2777 70 -38
2778 -85 33
2779 2 -82
2780 -18 -92
2781 91 -93
2782 88 28
2783 -92 -45
2784 -50 95
2785 67 79
2786 63 -47
2787 -100 7
2788 -50 -27
2789 35 -99
2790 -66 50
2791 -16 -90
2792 -36 36
2793 79 46
2794 44 70
2795 53 -68
2796 54 -10
2797 10 12
2798 45 10
2799 -44 -39
2800 -11 -82
2801 14 -61
2802 -24 15
2803 12 7
2804 -13 -54
2805 8 22
2806 47 42
2807 -18 -90
2808 -23 -39
2809 6 -79
2810 -97 -16
2811 -2 -36
2812 46 93
2813 74 -99
2814 -97 -88
2815 -81 -33
2816 -48 -5
2817 32 64
2818 53 70
2819 -90 -40
2820 -9 7
2821 53 23
2822 -33 -71
2823 34 73
2824 -100 14
2825 81 55
2826 48 -72
2827 -82 -7
2828 71 92
2829 -6 24
2830 -96 -36
2831 41 -94
2832 9 -27
2833 70 -39
2834 -58 30
2835 -28 -17
2836 -64 -76
2837 56 3
2838 -97 -10
2839 -75 55
2840 54 56
2841 9 2
2842 34 27
2843 45 4
2844 78 -28
2845 -47 19
2846 -72 12
2847 92 99
2848 74 84
2849 -22 96
2850 -84 15
2851 70 22
2852 68 23
2853 -89 44
2854 -23 16
2855 -1 86
2856 -83 -67
2857 -38 62
2858 -13 31
2859 51 -35
2860 53 54
2861 84 82
2862 -34 25
2863 80 90
2864 -42 -43
2865 85 -76
2866 22 4
2867 46 -60
2868 -74 8
2869 84 -46
2870 -77 -68
2871 -61 91
2872 -85 -48
2873 2 -47
2874 83 -97
2875 -32 35
2876 57 -49
2877 16 -78
2878 26 -55
2879 -89 34
2880 58 75
2881 100 -47
2882 65 77
2883 61 -2
2884 -19 -81
2885 -26 -4
2886 -29 77
2887 -1 -47
2888 80 67
2889 89 36
2890 -83 -46
2891 9 -7
2892 0 -30
2893 77 53
2894 67 -16
2895 -23 66
2896 38 -58
2897 42 -52
2898 -10 22
2899 83 71
2900 42 -44
2901 -83 -88
2902 83 16
2903 -84 62
2904 -17 55
2905 -52 -50
2906 -92 7
2907 44 8
2908 77 -30
2909 -90 43
2910 55 -62
2911 -41 -8
2912 -20 51
2913 -10 20
2914 -27 -78
2915 -9 65
2916 -71 8
2917 77 -89
2918 -77 43
2919 24 6
2920 -3 22
2921 57 6
2922 -72 -50
2923 64 -96
2924 20 25
2925 -2 -26
2926 63 7
2927 16 93
2928 -43 -94
2929 12 -20
2930 -72 -98
2931 -56 -93
2932 -81 -16
2933 14 -7
2934 40 -89
2935 -86 -4
2936 -33 -58
2937 -4 -70
2938 97 67
2939 5 -56
2940 91 -33
2941 1 7
2942 -41 59
2943 -37 72
2944 89 -59
2945 -51 -66
2946 55 -32
2947 -32 -82
2948 61 -93
2949 80 25
2950 -46 -54
2951 67 50
2952 -73 13
2953 16 32
2954 8 7
2955 100 -92
2956 64 -42
2957 17 -74
2958 80 6
2959 -33 54
2960 -11 16
2961 38 94
2962 34 -95
2963 -89 -56
2964 -88 92
2965 69 -34
2966 88 35
2967 67 -86
2968 99 -68
2969 -3 6
2970 -11 -54
2971 14 -48
2972 -46 -69
2973 -72 -66
2974 -13 -4
2975 38 26
2976 62 -25
2977 19 -4
2978 -70 -20
2979 40 93
2980 -29 -41
2981 -41 -91
2982 94 76
2983 74 42
2984 -93 -30
2985 -53 -3
2986 16 12
2987 -1 71
2988 -7 28
2989 55 30
2990 74 -8
2991 -45 -15
2992 17 24
2993 31 47
2994 -97 -79
2995 39 -75
2996 -20 48
2997 -66 -77
2998 23 -93
2999 66 -19
3000 -72 63
3001 28 -6
3002 -76 -74
3003 -86 -33
3004 4 69
3005 97 -73
3006 -90 -49
3007 25 94
3008 -27 29
3009 54 -6
3010 10 38
3011 -32 84
3012 -5 -67
3013 -36 23
3014 46 42
3015 68 71
3016 18 82
3017 -63 73
3018 1 85
3019 100 11
3020 86 -38
3021 -62 11
3022 -94 -39
3023 -61 -80
3024 -35 -16
3025 -20 -17
3026 -83 25
3027 16 -69
3028 -52 -89
3029 73 66
3030 32 -10
3031 -3 20
3032 -88 98
3033 4 -88
3034 -41 -11
3035 -76 -3
3036 100 -70
3037 8 89
3038 -99 -18
3039 16 61
3040 -1 33
3041 -14 65
3042 64 -16
3043 76 -14
3044 100 -42
3045 26 -4
3046 78 39
3047 -6 -19
3048 1 53
3049 100 -30
3050 6 -43
3051 -92 -43
3052 39 -10
3053 -27 -96
3054 -50 22
3055 37 -14
3056 -14 -50
3057 20 -89
3058 36 19
3059 -31 -88
3060 -85 97
3061 -73 -49
3062 62 48
3063 26 11
3064 18 76
3065 -62 -93
3066 -89 -34
3067 83 49
3068 2 -32
3069 49 73
3070 -70 -65
3071 -9 -51
3072 -53 -44
3073 -54 98
3074 -35 -27
3075 99 -74
3076 71 -26
3077 -44 -95
3078 -36 -6
3079 -88 29
3080 56 -77
3081 45 38
3082 22 98
3083 57 -29
3084 70 87
3085 6 -40
3086 -65 3
3087 -33 -69
3088 -45 -52
3089 9 -75
3090 22 96
3091 14 78
3092 -100 78
3093 -78 63
3094 -44 78
3095 87 52
3096 15 -42
3097 49 -29
3098 29 18
3099 -93 85
3100 28 94
3101 -13 45
3102 -76 37
3103 -23 -71
3104 35 86
3105 -95 -43
3106 31 19
3107 85 -18
3108 -54 -94
3109 -56 -48
3110 84 81
3111 54 -51
3112 -61 2
3113 70 -22
3114 3 -52
3115 -79 40
3116 93 96
3117 -73 -31
3118 -96 -70
3119 69 36
3120 -1 4
3121 -83 45
3122 10 -89
3123 47 -56
3124 93 1
3125 -57 -69
3126 53 13
3127 41 -99
3128 21 62
3129 -8 13
3130 58 -31
3131 33 83
3132 -70 37
3133 63 50
3134 -78 -39
3135 -47 90
3136 56 63
3137 -99 -48
3138 57 94
3139 53 100
3140 75 6
3141 -37 -27
3142 79 -97
3143 -75 -1
3144 62 -27
3145 86 -6
3146 -95 66
3147 82 68
3148 15 -97
3149 79 68
3150 94 34
3151 -19 45
3152 36 88
3153 38 -38
3154 45 -100
3155 35 23
3156 54 60
3157 72 -31
3158 -74 33
3159 42 62
3160 -73 47
3161 28 59
3162 -36 93
3163 62 -58
3164 26 42
3165 -51 -38
3166 -21 37
3167 1 -84
3168 99 -55
3169 18 21
3170 90 -80
3171 72 -18
3172 82 99
3173 79 -41
3174 7 -57
3175 -65 13
3176 24 12
3177 -46 24
3178 74 33
3179 -90 -76
3180 0 -91
3181 -31 -34
3182 -7 37
3183 87 -14
3184 -75 27
3185 6 97
3186 -92 -12
3187 46 37
3188 -3 -48
3189 80 49
3190 -29 66
3191 -39 46
3192 -23 -35
3193 -31 -100
3194 99 -21
3195 -76 -52
3196 -62 -57
3197 14 -19
3198 80 1
3199 18 -96
3200 78 -77
3201 51 36
3202 -39 -54
3203 -28 59
3204 -51 -98
3205 -43 -30
3206 68 -31
3207 -85 95
3208 34 -16
3209 95 -18
3210 14 69
3211 30 2
3212 -89 95
3213 84 91
3214 -5 1
3215 45 -78
3216 -26 -5
3217 58 -14
3218 -8 80
3219 95 41
3220 82 -49
3221 61 -1
3222 -30 77
3223 -7 -96
3224 -90 -63
3225 -64 24
3226 -95 17
3227 -74 67
3228 11 60
3229 57 56
3230 -90 1
3231 78 -66
3232 47 -15
3233 20 89
3234 -36 14
3235 -21 97
3236 -5 36
3237 -85 39
3238 40 -74
3239 76 27
3240 94 -24
3241 -2 4
3242 86 -95
3243 -41 96
3244 -44 87
3245 -70 -98
3246 -29 0
3247 91 -15
3248 65 -81
3249 -19 -70
3250 -41 77
3251 66 -26
3252 -35 -44
3253 -50 91
3254 83 51
3255 22 76
3256 77 71
3257 26 -62
3258 8 82
3259 35 -55
3260 89 -25
3261 -20 3
3262 -5 62
3263 33 54
3264 -12 -52
3265 78 53
3266 4 -72
3267 43 -64
3268 29 -85
3269 62 5
3270 36 91
3271 -83 -39
3272 -72 26
3273 64 27
3274 98 52
3275 -98 -22
3276 -96 -53
3277 -100 -73
3278 86 78
3279 80 -61
3280 56 -28
3281 -24 -16
3282 -63 -63
3283 40 23
3284 79 7
3285 84 57
3286 -47 7
3287 -52 -95
3288 -98 -26
3289 40 -98
3290 1 25
3291 31 -70
3292 65 -14
3293 -47 91
3294 21 -10
3295 78 -90
3296 17 47
3297 13 0
