INFINITY
INFINITY
INFINITY
279.5174
128.0820
306.1503
694.8791
171.6188
228.0351
74.6726
596.3422
655.3320
2063.2511
742.4891
241.1327
371.0216
513.0897
992.1819
136.7516
299.7082
706.5550
255.0176
462.2315
990.1601
1232.8341
663.9013
692.6038
706.2719
652.1357
466.7590
368.0231
215.2324
398.8985
918.8281
544.9936
336.1488
243.8237
809.3269
272.7196
1351.1362
438.0000
101.7890
308.0065
529.2835
136.0662
1037.1586
1245.8094
386.4001
764.9895
594.4577
107.2054
750.9620
327.2629
355.4603
560.3080
702.5560
385.1701
282.0780
450.7782
319.4010
576.5943
228.0351
342.9475
416.0120
1105.3995
347.7945
353.9223
198.9196
123.1016
160.6113
623.5848
864.8266
153.6001
239.4368
170.4259
379.8118
9396.1358
85.9069
770.0942
201.4001
669.9888
290.0155
2977.2163
46.5296
521.6474
700.4977
449.1414
60.1664
528.9811
289.2767
303.2161
797.4666
185.6071
262.6119
884.4309
283.9789
254.4838
315.0175
681.4220
456.2160
